@relation 'trainwseap-weka.filters.unsupervised.attribute.Remove-R4-5,8,10,15'

@attribute polarity {P,NONE,N,NEU,P+,N+}
@attribute confidence numeric
@attribute joy numeric
@attribute isIronic {False,True}
@attribute sadness numeric
@attribute isSubjective {True,False}
@attribute isAgreement {True,False}
@attribute anger numeric
@attribute surprise numeric
@attribute fear numeric
@attribute class {Bot,Human}

@data
P,100,0.045911,False,0.703584,True,True,0.128419,0.008168,0.113918,Bot
P,92,0.145717,False,0.190533,False,True,0.544435,0.006755,0.112559,Bot
NONE,100,0.328578,False,0.174079,False,True,0.180779,0.161135,0.155429,Bot
NONE,100,0.250956,False,0.147975,False,True,0.02522,0.438305,0.137544,Bot
P,100,0.441898,False,0.068614,True,True,0.064704,0.366193,0.058591,Bot
N,100,0.061089,False,0.305842,False,True,0.403741,0.007262,0.222066,Bot
P,92,0.044143,False,0.333978,False,True,0.404688,0.053085,0.164106,Bot
N,94,0.235255,False,0.466511,True,False,0.035293,0.17331,0.08963,Bot
NEU,94,0.267413,False,0.294009,False,False,0.163229,0.094952,0.180396,Bot
P,100,0.12487,False,0.43063,False,True,0.104613,0.012587,0.327299,Bot
N,100,0.302421,False,0.370571,False,True,0.094964,0.034261,0.197782,Bot
P,100,0.67785,False,0.022816,True,True,0.016132,0.225673,0.057529,Bot
NONE,100,0.150349,False,0.336531,False,True,0.213767,0.065245,0.234109,Bot
P+,100,0.172959,False,0.229213,False,True,0.267864,0.006576,0.323389,Bot
NONE,100,0.169558,False,0.433747,False,True,0.160359,0.068791,0.167545,Bot
NONE,100,0.199086,False,0.194644,False,True,0.0958,0.405069,0.105402,Bot
NONE,100,0.081749,False,0.52819,False,True,0.112635,0.037602,0.239825,Bot
NONE,100,0.010254,False,0.275818,False,True,0.56117,0.049807,0.102952,Bot
P,100,0.380073,False,0.182119,False,True,0.124745,0.009169,0.303893,Bot
N+,92,0.240911,False,0.231603,True,True,0.157383,0.182498,0.187604,Bot
P,100,0.209312,False,0.144006,True,True,0.171302,0.322785,0.152595,Bot
NONE,100,0.214697,False,0.141542,False,True,0.125297,0.332317,0.186146,Bot
NONE,100,0.125227,False,0.167759,False,True,0.30225,0.079217,0.325548,Bot
P,100,0.023377,False,0.145272,False,True,0.564809,0.035986,0.230556,Bot
P,100,0.237317,False,0.043138,True,True,0.018583,0.238737,0.462226,Bot
NONE,100,0.203533,False,0.111852,False,True,0.079909,0.461925,0.142781,Bot
P,100,0.188211,False,0.155995,True,True,0.116073,0.362454,0.177267,Bot
N,92,0.354044,False,0.491792,True,True,0.067685,0.04776,0.038719,Bot
NONE,100,0.201974,False,0.166323,False,True,0.212322,0.186235,0.233145,Bot
P,100,0.184934,False,0.141218,False,True,0.258024,0.286734,0.129091,Bot
N,100,0.050553,False,0.372016,False,True,0.43342,0.027826,0.116185,Bot
N,86,0.195867,False,0.274775,True,False,0.108629,0.382773,0.037956,Bot
P,100,0.501457,False,0.054402,False,True,0.027145,0.079455,0.337542,Bot
NONE,100,0.162731,False,0.33198,False,True,0.180591,0.086122,0.238577,Bot
NONE,100,0.072414,False,0.308464,False,True,0.213638,0.171356,0.234129,Bot
P,100,0.128306,False,0.168555,True,True,0.397452,0.197181,0.108506,Bot
N,100,0.036998,False,0.276014,True,True,0.51803,0.017303,0.151654,Bot
P,100,0.068523,False,0.249234,False,True,0.096731,0.236766,0.348747,Bot
N,100,0.050125,False,0.464142,True,True,0.187965,0.098108,0.19966,Bot
NONE,100,0.205127,False,0.189576,False,True,0.277492,0.074529,0.253276,Bot
P,92,0.003527,False,0.09443,True,True,0.862071,0.002653,0.037319,Bot
P+,98,0.214152,False,0.391168,False,True,0.116859,0.089209,0.188612,Bot
NONE,100,0.155701,False,0.149269,True,True,0.12606,0.405535,0.163435,Bot
NEU,86,0.20724,False,0.263329,True,False,0.18001,0.163532,0.185889,Bot
P+,100,0.306419,False,0.049344,True,True,0.045311,0.549459,0.049466,Bot
P,100,0.077464,False,0.333589,True,True,0.148948,0.055445,0.384554,Bot
P+,100,0.057296,False,0.568171,True,True,0.216114,0.037545,0.120874,Bot
P,100,0.108218,False,0.272546,True,True,0.442968,0.01154,0.164727,Bot
NONE,100,0.155701,False,0.149269,True,True,0.12606,0.405535,0.163435,Bot
N+,100,0.009307,False,0.312349,True,True,0.552866,0.045341,0.080137,Bot
NONE,100,0.116434,False,0.191129,False,True,0.379001,0.055967,0.25747,Bot
P,100,0.117284,False,0.435594,True,True,0.028588,0.341297,0.077236,Bot
P,100,0.236139,False,0.176752,True,True,0.119445,0.287599,0.180066,Bot
P,94,0.1299,False,0.396084,False,False,0.225889,0.097221,0.150907,Bot
NONE,100,0.168163,False,0.158452,False,True,0.196987,0.210046,0.266352,Bot
NONE,100,0.083563,False,0.061403,False,True,0.115426,0.657904,0.081704,Bot
P,100,0.196268,False,0.179654,True,True,0.247317,0.232557,0.144203,Bot
N+,100,0.06291,False,0.208663,True,True,0.560804,0.100969,0.066654,Bot
P,94,0.319847,False,0.023551,True,False,0.004449,0.609033,0.04312,Bot
NONE,100,0.322713,False,0.419086,False,True,0.058711,0.135328,0.064162,Bot
N,92,0.051386,False,0.615917,False,True,0.173442,0.069613,0.089642,Bot
NONE,100,0.113801,False,0.113484,False,True,0.192315,0.014297,0.566103,Bot
NONE,100,0.022988,False,0.337634,True,True,0.21149,0.265382,0.162506,Bot
P+,98,0.079382,False,0.384233,True,True,0.287331,0.098472,0.150582,Bot
P,100,0.283886,False,0.072802,True,True,0.087616,0.444139,0.111558,Bot
P,92,0.043351,False,0.363856,True,False,0.088337,0.327616,0.176841,Bot
P,100,0.495805,False,0.306067,False,True,0.097422,0.027509,0.073196,Bot
P,92,0.058408,False,0.216512,False,True,0.258939,0.120585,0.345556,Bot
NONE,100,0.20259,False,0.136551,False,True,0.134856,0.245041,0.280962,Bot
P+,100,0.306419,False,0.049344,True,True,0.045311,0.549459,0.049466,Bot
NONE,100,0.130288,False,0.377994,False,True,0.244086,0.049301,0.198331,Bot
NONE,100,0.269042,False,0.093334,False,True,0.10515,0.442769,0.089705,Bot
NONE,100,0.039286,False,0.37551,False,True,0.409845,0.057958,0.117401,Bot
P,92,0.058448,False,0.391142,False,True,0.33732,0.032748,0.180342,Bot
NONE,100,0.031363,False,0.520804,False,True,0.146109,0.008607,0.293118,Bot
NONE,100,0.066421,False,0.226144,False,True,0.291083,0.231956,0.184396,Bot
P,100,0.065118,False,0.390918,False,True,0.253813,0.087671,0.202481,Bot
P,100,0.209689,False,0.12553,True,True,0.118606,0.37933,0.166845,Bot
NONE,100,0.186185,False,0.109084,False,True,0.108037,0.022289,0.574405,Bot
P,100,0.170542,False,0.375861,True,True,0.130265,0.27022,0.053112,Bot
P+,100,0.26519,False,0.335286,True,True,0.11836,0.177294,0.103871,Bot
NONE,100,0.214697,False,0.141542,False,True,0.125297,0.332317,0.186146,Bot
P+,100,0.306419,False,0.049344,True,True,0.045311,0.549459,0.049466,Bot
NONE,100,0.212486,False,0.159222,False,True,0.186567,0.219347,0.222378,Bot
P+,100,0.346732,False,0.300427,False,True,0.128045,0.051039,0.173757,Bot
P,100,0.205368,False,0.209073,False,True,0.082494,0.251811,0.251253,Bot
NONE,100,0.243679,False,0.269021,False,True,0.164605,0.097445,0.225249,Bot
P,100,0.258822,False,0.280587,True,True,0.18794,0.143469,0.129182,Bot
N,100,0.030386,False,0.359455,True,True,0.383683,0.01736,0.209116,Bot
NONE,100,0.192946,False,0.164956,False,True,0.142407,0.282531,0.21716,Bot
P,100,0.194196,False,0.110647,True,True,0.115747,0.446381,0.133029,Bot
P+,90,0.093274,False,0.569433,True,True,0.110758,0.135962,0.090573,Bot
N,97,0.090524,False,0.586446,True,True,0.133274,0.101261,0.088496,Bot
NONE,100,0.163456,False,0.123362,False,True,0.34123,0.05797,0.313982,Bot
P,100,0.247828,False,0.273556,True,True,0.181408,0.039661,0.257547,Bot
NONE,100,0.022658,False,0.401943,False,True,0.088829,0.004656,0.481914,Bot
P,100,0.266823,False,0.249047,True,True,0.156617,0.161655,0.165857,Bot
P,94,0.036944,False,0.303463,False,False,0.132206,0.016612,0.510776,Bot
N,92,0.024347,False,0.238512,False,True,0.608303,0.019398,0.109439,Bot
N,100,0.135424,False,0.382368,False,True,0.086515,0.012856,0.382837,Bot
P,94,0.053599,False,0.169725,False,False,0.061606,0.667466,0.047605,Bot
NONE,100,0.433559,False,0.150501,False,True,0.026472,0.339128,0.050339,Bot
NONE,100,0.317079,False,0.201842,False,True,0.175647,0.244796,0.060637,Bot
P,100,0.151817,False,0.205047,False,True,0.188528,0.277532,0.177076,Bot
N,100,0.079567,False,0.398848,False,True,0.198737,0.019438,0.30341,Bot
N+,100,0.023174,False,0.179843,True,True,0.679072,0.082364,0.035547,Bot
P,97,0.043264,False,0.386999,True,True,0.395887,0.066166,0.107684,Bot
P+,100,0.126486,False,0.379459,False,True,0.271336,0.111145,0.111574,Bot
N,100,0.447661,False,0.114283,True,True,0.030822,0.257956,0.149278,Bot
N,100,0.047883,False,0.380867,False,True,0.210076,0.091473,0.269702,Bot
NONE,100,0.289982,False,0.252493,False,True,0.116062,0.19788,0.143583,Bot
NONE,100,0.25377,False,0.240413,False,True,0.238728,0.049693,0.217395,Bot
NONE,100,0.159983,False,0.275958,False,True,0.249117,0.163709,0.151233,Bot
P,100,0.182301,False,0.154217,True,True,0.170082,0.298054,0.195347,Bot
P+,100,0.136335,False,0.055152,False,True,0.012602,0.773935,0.021976,Bot
NONE,100,0.208585,False,0.084266,False,True,0.089302,0.434742,0.183105,Bot
P,100,0.076283,False,0.165259,False,True,0.504156,0.125411,0.128892,Bot
NONE,100,0.155701,False,0.149269,True,True,0.12606,0.405535,0.163435,Bot
NONE,100,0.192946,False,0.164956,False,True,0.142407,0.282531,0.21716,Bot
NONE,100,0.155701,False,0.149269,True,True,0.12606,0.405535,0.163435,Bot
P,100,0.089372,False,0.471135,True,True,0.12108,0.016105,0.302309,Bot
P+,100,0.755467,False,0.091631,True,True,0.02909,0.054057,0.069754,Bot
NONE,100,0.095374,False,0.309575,False,True,0.103002,0.377522,0.114527,Bot
N,100,0.048572,False,0.45801,False,True,0.292454,0.156331,0.044633,Bot
P,97,0.047477,False,0.296719,False,True,0.505931,0.100015,0.049859,Bot
P,92,0.278826,False,0.347084,True,True,0.06999,0.20871,0.09539,Bot
P,100,0.334316,False,0.153782,True,True,0.041777,0.411706,0.058419,Bot
P+,100,0.155172,False,0.23999,True,True,0.179311,0.058764,0.366764,Bot
NONE,100,0.326516,False,0.077748,False,True,0.027678,0.014708,0.55335,Bot
NONE,100,0.279546,False,0.35999,False,True,0.172248,0.077244,0.110972,Bot
P,100,0.2658,False,0.111016,True,True,0.099362,0.372321,0.151501,Bot
P,100,0.182301,False,0.154217,True,True,0.170082,0.298054,0.195347,Bot
P,100,0.209312,False,0.144006,True,True,0.171302,0.322785,0.152595,Bot
P,100,0.089241,False,0.63145,True,True,0.066728,0.175134,0.037448,Bot
N+,89,0.294887,False,0.16011,True,True,0.109227,0.077799,0.357977,Bot
N,92,0.046189,False,0.180203,False,True,0.222796,0.104107,0.446705,Bot
N,100,0.124882,False,0.239906,False,True,0.091422,0.006979,0.53681,Bot
P,100,0.293651,False,0.245209,False,True,0.207053,0.100399,0.153687,Bot
NONE,100,0.092606,False,0.14025,False,True,0.278409,0.072988,0.415748,Bot
N,92,0.065584,False,0.349017,False,True,0.396459,0.034053,0.154887,Bot
P+,100,0.08295,False,0.353518,True,True,0.379084,0.024366,0.160082,Bot
P,100,0.209312,False,0.144006,True,True,0.171302,0.322785,0.152595,Bot
NEU,94,0.101856,False,0.627727,True,False,0.133241,0.050839,0.086338,Bot
P+,100,0.107597,False,0.526207,False,True,0.044551,0.244356,0.077289,Bot
P,100,0.095702,False,0.480575,True,True,0.246844,0.105393,0.071485,Bot
NONE,100,0.089107,False,0.242135,False,True,0.473437,0.034943,0.160378,Bot
P+,100,0.415989,False,0.079043,True,True,0.021622,0.454603,0.028743,Bot
P+,90,0.196703,True,0.272708,True,True,0.086384,0.015399,0.428806,Bot
NONE,100,0.812111,False,0.009715,False,True,0.00705,0.126582,0.044543,Bot
P,100,0.117277,False,0.207972,True,True,0.254292,0.130738,0.289721,Bot
P+,100,0.157289,False,0.159085,True,True,0.072573,0.528456,0.082596,Bot
N+,100,0.011412,False,0.828734,True,True,0.065976,0.001193,0.092686,Bot
N,100,0.100238,False,0.096229,False,True,0.102575,0.013238,0.68772,Bot
NEU,91,0.058325,False,0.149156,False,False,0.538973,0.148012,0.105533,Bot
NONE,100,0.192946,False,0.164956,False,True,0.142407,0.282531,0.21716,Bot
N,100,0.046969,False,0.412924,False,True,0.474149,0.008563,0.057395,Bot
P+,100,0.809497,False,0.007825,True,True,0.003216,0.159722,0.019741,Bot
P+,100,0.384194,False,0.33025,True,True,0.08883,0.131377,0.065348,Bot
P+,100,0.500225,False,0.021792,True,True,0.002095,0.46704,0.008848,Bot
NONE,100,0.226167,False,0.112487,False,True,0.132663,0.341542,0.187142,Bot
NONE,100,0.221111,False,0.376536,False,True,0.112215,0.15059,0.139549,Bot
P,100,0.141407,False,0.114239,True,True,0.277505,0.071072,0.395777,Bot
NONE,100,0.058777,False,0.187505,True,True,0.466067,0.00929,0.27836,Bot
NONE,100,0.448874,False,0.212841,True,True,0.029647,0.208344,0.100295,Bot
P,100,0.102388,False,0.048368,False,True,0.054214,0.025721,0.769309,Bot
NONE,100,0.061683,False,0.49283,False,True,0.164948,0.163025,0.117514,Bot
N,100,0.007834,False,0.815117,True,True,0.116586,0.004658,0.055805,Bot
NEU,94,0.033557,False,0.113977,False,False,0.246235,0.034475,0.571757,Bot
NONE,100,0.267767,False,0.291251,False,True,0.220067,0.066294,0.15462,Bot
N+,100,0.034659,False,0.222767,True,True,0.683029,0.028246,0.031298,Bot
NONE,100,0.11294,False,0.172798,False,True,0.161633,0.30617,0.246459,Bot
N+,92,0.051996,False,0.704137,True,True,0.183608,0.032796,0.027464,Bot
N,92,0.178667,False,0.268457,False,True,0.178222,0.222832,0.151821,Bot
P,92,0.310307,False,0.101107,True,True,0.038644,0.044003,0.505939,Bot
N,94,0.125299,False,0.326716,False,False,0.348056,0.120763,0.079166,Bot
NONE,100,0.180885,False,0.159341,False,True,0.150135,0.278866,0.230772,Bot
NONE,100,0.222206,False,0.208442,False,True,0.134761,0.290218,0.144373,Bot
N,100,0.219602,False,0.380174,True,True,0.124144,0.076107,0.199973,Bot
P,100,0.05445,False,0.483068,True,True,0.218482,0.0696,0.1744,Bot
P,100,0.437805,False,0.332223,True,True,0.051652,0.09333,0.08499,Bot
P,100,0.209312,False,0.144006,True,True,0.171302,0.322785,0.152595,Bot
NONE,100,0.105885,False,0.261768,False,True,0.370632,0.155366,0.10635,Bot
NONE,100,0.145519,False,0.465272,False,True,0.107614,0.040026,0.241569,Bot
NONE,100,0.02731,False,0.235225,False,True,0.231775,0.08795,0.41774,Bot
P,100,0.23771,False,0.238068,False,True,0.18353,0.052935,0.287757,Bot
NONE,100,0.34083,False,0.246412,False,True,0.160237,0.083653,0.168868,Bot
NONE,100,0.716404,False,0.122272,True,True,0.019371,0.080724,0.061228,Bot
NONE,100,0.023905,False,0.515926,False,True,0.286782,0.011143,0.162244,Bot
N+,100,0.038973,False,0.495543,False,True,0.219353,0.028746,0.217385,Bot
P,92,0.042054,False,0.420173,False,True,0.410859,0.031382,0.095533,Bot
P+,100,0.157174,False,0.260137,True,True,0.159182,0.062652,0.360854,Bot
NONE,100,0.378495,False,0.092257,False,True,0.12739,0.289481,0.112377,Bot
NONE,100,0.037728,False,0.351012,True,True,0.284512,0.096368,0.230379,Bot
NONE,100,0.022574,False,0.424042,False,True,0.331614,0.003282,0.218488,Bot
N+,100,0.032823,False,0.525886,False,True,0.301726,0.040856,0.09871,Bot
NONE,100,0.070828,False,0.460507,False,True,0.302609,0.020175,0.145881,Bot
N+,100,0.002997,False,0.068138,True,True,0.907511,0.000988,0.020366,Bot
P+,100,0.685473,False,0.09181,True,True,0.021829,0.125424,0.075464,Bot
NONE,100,0.086406,False,0.140529,False,True,0.026028,0.034444,0.712593,Bot
NONE,100,0.201453,False,0.150095,False,True,0.148592,0.280323,0.219536,Bot
NONE,100,0.143978,False,0.204898,False,True,0.1889,0.136052,0.326172,Bot
N,100,0.014799,False,0.468001,False,True,0.363299,0.006035,0.147866,Bot
NONE,100,0.02973,False,0.046427,False,True,0.038424,0.01454,0.870879,Bot
NEU,94,0.12563,False,0.401668,False,False,0.075253,0.222938,0.174512,Bot
P,100,0.182301,False,0.154217,True,True,0.170082,0.298054,0.195347,Bot
NONE,100,0.329606,False,0.092673,False,True,0.074907,0.324683,0.17813,Bot
N,100,0.068088,False,0.122535,True,True,0.300698,0.053313,0.455365,Bot
NONE,100,0.092611,False,0.400333,False,True,0.188247,0.010474,0.308334,Bot
P,100,0.051398,False,0.333009,True,True,0.193048,0.018616,0.40393,Bot
P,100,0.243816,False,0.288948,False,True,0.203555,0.064625,0.199055,Bot
NONE,100,0.011407,False,0.712387,True,True,0.09411,0.006534,0.175563,Bot
N,100,0.023829,False,0.489597,False,True,0.354848,0.036867,0.094859,Bot
N+,100,0.00879,False,0.270497,True,True,0.611857,0.015732,0.093125,Bot
N,86,0.21475,False,0.397874,True,False,0.095985,0.182037,0.109354,Bot
P,100,0.188211,False,0.155995,True,True,0.116073,0.362454,0.177267,Bot
P+,100,0.22546,False,0.271513,True,True,0.10317,0.054319,0.345539,Bot
N+,100,0.089532,False,0.530663,False,True,0.298115,0.020024,0.061665,Bot
NONE,100,0.112161,False,0.376528,False,True,0.24361,0.115234,0.152467,Bot
NEU,94,0.103255,False,0.278912,True,False,0.100013,0.425162,0.092659,Bot
P,100,0.101766,False,0.295682,True,True,0.179257,0.313803,0.109492,Bot
N,100,0.044602,False,0.414486,True,True,0.351793,0.012889,0.176231,Bot
N,100,0.134933,False,0.578658,True,True,0.190584,0.022703,0.073122,Bot
NONE,100,0.085753,False,0.43979,False,True,0.252413,0.019191,0.202854,Bot
NONE,100,0.15868,False,0.226845,False,True,0.080074,0.158738,0.375663,Bot
P,100,0.062524,False,0.294017,True,True,0.03563,0.596441,0.011387,Bot
P+,100,0.241296,False,0.215947,False,True,0.190697,0.206155,0.145906,Bot
P,100,0.123559,False,0.291972,False,True,0.225771,0.055803,0.302895,Bot
NONE,100,0.100887,False,0.185071,False,True,0.237273,0.063043,0.413725,Bot
P,100,0.209689,False,0.12553,True,True,0.118606,0.37933,0.166845,Bot
N,94,0.623593,False,0.087501,True,False,0.110882,0.07638,0.101643,Bot
P,97,0.134328,False,0.163975,False,True,0.112021,0.30752,0.282156,Bot
NONE,100,0.024172,False,0.123495,False,True,0.056938,0.200651,0.594744,Bot
P,100,0.182745,False,0.347888,False,True,0.213334,0.178844,0.077189,Bot
P,100,0.213282,False,0.31976,False,True,0.273698,0.019843,0.173417,Bot
P,100,0.127472,False,0.18019,True,True,0.171698,0.372752,0.147888,Bot
NEU,84,0.029903,True,0.24931,True,False,0.080686,0.003822,0.636279,Bot
NONE,100,0.226234,False,0.15096,False,True,0.100017,0.355236,0.167554,Bot
P,100,0.320032,False,0.395425,False,True,0.132348,0.060048,0.092147,Bot
P,92,0.066954,False,0.203148,False,True,0.304919,0.13075,0.294228,Bot
NONE,100,0.112161,False,0.376528,False,True,0.24361,0.115234,0.152467,Bot
P,100,0.08781,False,0.235701,True,True,0.240082,0.017587,0.41882,Bot
N,92,0.135466,False,0.469535,True,True,0.198138,0.03479,0.162071,Bot
NONE,100,0.198085,False,0.176774,True,True,0.158335,0.243171,0.223635,Bot
NONE,100,0.098937,False,0.272231,False,True,0.082377,0.316441,0.230014,Bot
P+,92,0.06329,False,0.336956,True,True,0.340194,0.119807,0.139753,Bot
NEU,86,0.012789,False,0.180585,True,False,0.752971,0.013105,0.04055,Bot
N+,92,0.030723,False,0.167281,True,True,0.691366,0.017531,0.093098,Bot
P,100,0.11357,False,0.4928,True,True,0.122701,0.099786,0.171143,Bot
P+,100,0.360924,False,0.22898,False,True,0.134934,0.192811,0.082352,Bot
NONE,100,0.05108,False,0.179679,False,True,0.174906,0.080952,0.513383,Bot
NONE,100,0.20228,False,0.136187,False,True,0.123539,0.343078,0.194916,Bot
P,92,0.210118,False,0.387801,True,True,0.244019,0.035916,0.122146,Bot
NONE,100,0.145119,False,0.191777,False,True,0.051293,0.176726,0.435085,Bot
NONE,100,0.038074,False,0.130795,False,True,0.067087,0.046968,0.717077,Bot
NONE,100,0.030794,False,0.144618,False,True,0.769785,0.027218,0.027586,Bot
NONE,100,0.214697,False,0.141542,False,True,0.125297,0.332317,0.186146,Bot
NONE,100,0.071147,False,0.319046,False,True,0.291059,0.013076,0.305673,Bot
NONE,100,0.165451,False,0.167842,False,True,0.164018,0.237863,0.264826,Bot
NONE,100,0.101342,False,0.291249,False,True,0.19404,0.275836,0.137534,Bot
P,100,0.205717,False,0.132706,True,True,0.12413,0.384364,0.153084,Bot
N,100,0.138799,False,0.231969,True,True,0.498329,0.029146,0.101757,Bot
NONE,100,0.136016,False,0.444132,False,True,0.269609,0.06599,0.084254,Bot
NONE,100,0.02075,False,0.445256,True,True,0.034023,0.427808,0.072163,Bot
NONE,100,0.068567,False,0.260716,False,True,0.074996,0.516142,0.079579,Bot
P,100,0.306038,False,0.283577,False,True,0.155693,0.111067,0.143625,Bot
NONE,100,0.584103,False,0.245542,False,True,0.040893,0.050446,0.079016,Bot
NEU,94,0.095068,False,0.265986,True,False,0.046098,0.03969,0.553159,Bot
P+,100,0.482183,False,0.113914,True,True,0.099597,0.172924,0.131382,Bot
NONE,100,0.34595,False,0.20587,False,True,0.254297,0.143309,0.050573,Bot
NONE,100,0.178546,False,0.1648,False,True,0.140166,0.237179,0.279309,Bot
NONE,100,0.226167,False,0.112487,False,True,0.132663,0.341542,0.187142,Bot
P+,98,0.484808,False,0.106885,True,True,0.062516,0.214803,0.130988,Bot
P,82,0.02662,True,0.481525,True,True,0.331659,0.104847,0.05535,Bot
P,92,0.015727,False,0.68479,False,True,0.182797,0.094076,0.02261,Bot
N,90,0.138376,False,0.384979,True,True,0.113613,0.277829,0.085203,Bot
P+,92,0.464531,False,0.262678,False,True,0.088854,0.074608,0.109329,Bot
NONE,100,0.318996,False,0.338744,False,True,0.113178,0.124726,0.104356,Bot
P,100,0.576251,False,0.228898,True,True,0.060223,0.049719,0.084909,Bot
P,100,0.055048,False,0.289214,False,True,0.578168,0.047247,0.030323,Bot
NONE,100,0.182421,False,0.250963,False,True,0.2046,0.057664,0.304352,Bot
NONE,100,0.04141,False,0.580743,False,True,0.105444,0.031485,0.240917,Bot
NONE,100,0.048363,False,0.32468,False,True,0.299113,0.189521,0.138324,Bot
P,100,0.586579,False,0.032344,True,True,0.016525,0.337675,0.026877,Bot
NEU,94,0.141517,False,0.037334,True,False,0.030789,0.501145,0.289214,Bot
NONE,100,0.128287,False,0.224465,True,True,0.253454,0.189041,0.204753,Bot
NONE,100,0.180521,False,0.140309,False,True,0.131099,0.353909,0.194162,Bot
P,100,0.2658,False,0.111016,True,True,0.099362,0.372321,0.151501,Bot
P+,100,0.619379,False,0.143764,True,True,0.056063,0.083913,0.096881,Bot
P+,100,0.222184,False,0.200747,True,True,0.173328,0.298134,0.105608,Bot
P+,100,0.251265,False,0.05405,True,True,0.039773,0.608977,0.045935,Bot
N,92,0.065584,False,0.349017,False,True,0.396459,0.034053,0.154887,Bot
P,86,0.107561,False,0.226337,False,False,0.348897,0.041368,0.275837,Bot
N,86,0.021634,False,0.629495,True,False,0.110268,0.208914,0.02969,Bot
NONE,100,0.17413,False,0.273352,False,True,0.326822,0.159685,0.066011,Bot
P+,100,0.259414,False,0.04088,True,True,0.033008,0.620085,0.046613,Bot
NONE,100,0.206559,False,0.114216,False,True,0.118654,0.404431,0.15614,Bot
NONE,100,0.206658,False,0.163273,False,True,0.190997,0.210881,0.228191,Bot
P,100,0.289911,False,0.226667,False,True,0.321349,0.127398,0.034674,Bot
P+,100,0.186059,False,0.244904,False,True,0.14528,0.0592,0.364557,Bot
P,100,0.216156,False,0.276586,True,True,0.107442,0.30939,0.090426,Bot
NONE,100,0.071701,False,0.158182,False,True,0.141308,0.500863,0.127946,Bot
NONE,100,0.019168,False,0.146175,False,True,0.76334,0.021071,0.050246,Bot
NONE,100,0.044244,False,0.226907,True,True,0.068314,0.263358,0.397177,Bot
NEU,84,0.052062,True,0.551045,False,False,0.280156,0.032364,0.084372,Bot
P,92,0.00199,False,0.106084,True,True,0.689381,0.006566,0.195979,Bot
NONE,100,0.2221,False,0.150853,False,True,0.099587,0.359276,0.168183,Bot
P+,100,0.258953,False,0.241799,False,True,0.313394,0.102806,0.083048,Bot
NONE,100,0.059123,False,0.184788,False,True,0.533012,0.008639,0.214437,Bot
P,100,0.293651,False,0.245209,False,True,0.207053,0.100399,0.153687,Bot
P,100,0.188211,False,0.155995,True,True,0.116073,0.362454,0.177267,Bot
N,100,0.014258,False,0.669185,True,True,0.082557,0.0116,0.222401,Bot
NONE,100,0.027202,False,0.60884,False,True,0.181112,0.005289,0.177557,Bot
P,100,0.209689,False,0.12553,True,True,0.118606,0.37933,0.166845,Bot
NONE,100,0.155701,False,0.149269,True,True,0.12606,0.405535,0.163435,Bot
P+,100,0.306419,False,0.049344,True,True,0.045311,0.549459,0.049466,Bot
N,94,0.025565,False,0.474742,True,False,0.406595,0.032698,0.060399,Bot
P,100,0.450381,False,0.117314,False,True,0.025278,0.359577,0.047451,Bot
NEU,94,0.017527,False,0.293428,False,False,0.638604,0.016083,0.034359,Bot
NONE,100,0.060357,False,0.132172,False,True,0.164278,0.116106,0.527088,Bot
NONE,100,0.117922,False,0.420163,False,True,0.159227,0.045193,0.257496,Bot
N,100,0.182707,False,0.465276,False,True,0.130881,0.07538,0.145757,Bot
P+,100,0.164598,False,0.048151,True,True,0.037025,0.708495,0.04173,Bot
N,100,0.071144,False,0.673637,True,True,0.140217,0.05039,0.064612,Bot
NONE,100,0.05316,False,0.084834,False,True,0.68143,0.019254,0.161323,Bot
P,100,0.29521,False,0.100471,True,True,0.053008,0.502076,0.049234,Bot
NONE,100,0.424126,False,0.016269,False,True,0.009646,0.514639,0.03532,Bot
P,100,0.137099,False,0.526121,True,True,0.092097,0.06908,0.175602,Bot
NONE,100,0.145519,False,0.465272,False,True,0.107614,0.040026,0.241569,Bot
NONE,100,0.214697,False,0.141542,False,True,0.125297,0.332317,0.186146,Bot
P,100,0.078334,False,0.130612,True,True,0.054114,0.427979,0.308961,Bot
NONE,100,0.180521,False,0.140309,False,True,0.131099,0.353909,0.194162,Bot
NONE,100,0.217514,False,0.099495,True,True,0.107029,0.245347,0.330616,Bot
P+,100,0.165418,False,0.134518,True,True,0.551144,0.047698,0.101221,Bot
N,100,0.024182,False,0.247126,False,True,0.427753,0.011774,0.289165,Bot
NONE,100,0.112161,False,0.376528,False,True,0.24361,0.115234,0.152467,Bot
NEU,86,0.038749,False,0.175198,True,False,0.086075,0.003416,0.696562,Bot
P,100,0.121555,False,0.32154,True,True,0.312518,0.161163,0.083223,Bot
NONE,100,0.192946,False,0.164956,False,True,0.142407,0.282531,0.21716,Bot
P,100,0.419759,False,0.103349,False,True,0.051091,0.392038,0.033763,Bot
NONE,100,0.294028,False,0.113406,False,True,0.187165,0.161061,0.244339,Bot
NONE,100,0.114791,False,0.370421,False,True,0.100949,0.017301,0.396538,Bot
N+,100,0.000638,False,0.01421,True,True,0.982854,0.000487,0.001811,Bot
N,92,0.046074,False,0.628907,False,True,0.197954,0.041817,0.085248,Bot
NONE,100,0.211799,False,0.157989,False,True,0.138154,0.31829,0.173769,Bot
N,100,0.030648,False,0.698932,True,True,0.118954,0.068851,0.082615,Bot
P,100,0.277081,False,0.214738,False,True,0.120097,0.313351,0.074733,Bot
NONE,100,0.027399,False,0.23698,False,True,0.272554,0.284158,0.17891,Bot
NONE,100,0.08897,False,0.388919,False,True,0.316398,0.087924,0.117789,Bot
P,100,0.109351,False,0.148251,True,True,0.053815,0.619695,0.068888,Bot
P+,100,0.11197,False,0.270159,False,True,0.207391,0.044725,0.365756,Bot
P,100,0.183476,False,0.46299,False,True,0.091476,0.03427,0.227789,Bot
P+,100,0.306419,False,0.049344,True,True,0.045311,0.549459,0.049466,Bot
P+,100,0.456983,False,0.09786,True,True,0.020486,0.336542,0.088129,Bot
NONE,100,0.339109,False,0.155324,False,True,0.125259,0.076381,0.303927,Bot
NONE,100,0.235276,False,0.166883,False,True,0.171516,0.203794,0.22253,Bot
P,100,0.2658,False,0.111016,True,True,0.099362,0.372321,0.151501,Bot
P,100,0.209689,False,0.12553,True,True,0.118606,0.37933,0.166845,Bot
N,100,0.013215,False,0.223061,False,True,0.720477,0.017606,0.025641,Bot
P+,98,0.280917,False,0.229704,True,True,0.042126,0.066995,0.380259,Bot
N,92,0.051386,False,0.615917,False,True,0.173442,0.069613,0.089642,Bot
NONE,100,0.007874,False,0.162359,False,True,0.787835,0.007253,0.034679,Bot
N,100,0.07549,False,0.27625,False,True,0.517162,0.061743,0.069355,Bot
NONE,100,0.112161,False,0.376528,False,True,0.24361,0.115234,0.152467,Bot
N+,92,0.235677,False,0.29249,False,True,0.338755,0.01524,0.117837,Bot
N,94,0.281338,False,0.428117,True,False,0.035552,0.147897,0.107097,Bot
NONE,100,0.059868,False,0.409434,False,True,0.057625,0.389401,0.083671,Bot
NONE,100,0.066564,False,0.177482,False,True,0.331353,0.046835,0.377766,Bot
NEU,86,0.07112,False,0.781813,True,False,0.07376,0.054416,0.018891,Bot
NONE,100,0.096291,False,0.143327,False,True,0.252412,0.409797,0.098174,Bot
P,92,0.086181,False,0.308188,False,True,0.15443,0.20334,0.247861,Bot
N,100,0.22523,False,0.24309,False,True,0.081503,0.332059,0.118118,Bot
N+,98,0.001714,False,0.067477,True,True,0.922139,0.000737,0.007933,Bot
N,100,0.04979,False,0.287305,False,True,0.124828,0.060389,0.477688,Bot
P,92,0.002842,False,0.129507,True,True,0.819184,0.007331,0.041136,Bot
P+,100,0.058844,False,0.35193,True,True,0.11421,0.020728,0.454288,Bot
N+,100,0.105479,False,0.569789,True,True,0.180614,0.033239,0.11088,Bot
NONE,100,0.226167,False,0.112487,False,True,0.132663,0.341542,0.187142,Bot
P,100,0.209312,False,0.144006,True,True,0.171302,0.322785,0.152595,Bot
NONE,100,0.372599,False,0.135436,False,True,0.074449,0.151405,0.266111,Bot
N+,98,0.06854,False,0.525739,True,True,0.177397,0.147362,0.080962,Bot
P,86,0.024564,False,0.59754,True,False,0.246699,0.091174,0.040023,Bot
NONE,100,0.211259,False,0.177925,False,True,0.209415,0.189769,0.211632,Bot
NONE,100,0.125319,False,0.23266,False,True,0.426713,0.04008,0.175228,Bot
N,100,0.072787,False,0.34147,True,True,0.133749,0.003302,0.448691,Bot
P,100,0.186813,False,0.213464,True,True,0.143469,0.283525,0.172728,Bot
NONE,100,0.059135,False,0.299718,False,True,0.511204,0.030328,0.099615,Bot
P,97,0.070978,False,0.287338,False,True,0.132855,0.359473,0.149357,Bot
P,100,0.209312,False,0.144006,True,True,0.171302,0.322785,0.152595,Bot
P,100,0.048574,False,0.602362,False,True,0.272811,0.02396,0.052293,Bot
P+,100,0.735868,False,0.0379,True,True,0.011029,0.06877,0.146432,Bot
NONE,100,0.647469,False,0.144727,False,True,0.108222,0.028911,0.070672,Bot
N,100,0.200376,False,0.24333,True,True,0.222677,0.287804,0.045813,Bot
P,100,0.232799,False,0.233751,True,True,0.198586,0.025068,0.309797,Bot
NONE,100,0.247399,False,0.300018,False,True,0.156745,0.247873,0.047964,Bot
NONE,100,0.211274,False,0.393181,False,True,0.119912,0.053239,0.222394,Bot
NONE,100,0.212323,False,0.145662,False,True,0.13182,0.320531,0.189663,Bot
N,100,0.046641,False,0.770687,True,True,0.027677,0.072855,0.08214,Bot
NONE,100,0.420925,False,0.303121,False,True,0.073727,0.075457,0.12677,Bot
N+,100,0.109157,False,0.384887,True,True,0.325067,0.062955,0.117934,Bot
P,100,0.188211,False,0.155995,True,True,0.116073,0.362454,0.177267,Bot
N,100,0.02961,False,0.234295,True,True,0.558041,0.007974,0.17008,Bot
NONE,100,0.353985,False,0.103181,False,True,0.133691,0.243425,0.165717,Bot
P+,100,0.238036,False,0.305667,False,True,0.219722,0.144977,0.091598,Bot
P,100,0.040809,False,0.684421,True,True,0.197311,0.035401,0.042058,Bot
P+,100,0.468577,False,0.104669,True,True,0.106831,0.164301,0.155622,Bot
P+,100,0.151112,False,0.243968,True,True,0.051104,0.50559,0.048225,Bot
P+,100,0.071933,False,0.072323,True,True,0.070804,0.770094,0.014847,Bot
NONE,100,0.050979,False,0.235748,False,True,0.206479,0.305807,0.200987,Bot
NONE,100,0.184947,False,0.193266,True,True,0.1888,0.211971,0.221015,Bot
N,100,0.233534,False,0.451588,False,True,0.047419,0.035791,0.231667,Bot
NONE,100,0.506104,False,0.079745,False,True,0.09925,0.06836,0.246541,Bot
NONE,100,0.27765,False,0.228255,False,True,0.202713,0.158177,0.133205,Bot
NONE,100,0.15554,False,0.144529,True,True,0.030876,0.567413,0.101641,Bot
NONE,100,0.101623,False,0.666497,False,True,0.123685,0.028783,0.079412,Bot
P+,90,0.020672,False,0.676576,True,True,0.167633,0.049573,0.085546,Bot
N,92,0.102192,False,0.393888,True,True,0.392762,0.022465,0.088693,Bot
P,100,0.210979,False,0.122967,True,True,0.091618,0.443248,0.131189,Bot
N,100,0.034172,False,0.106598,False,True,0.826545,0.007187,0.025498,Bot
N,92,0.122399,False,0.461574,True,True,0.155192,0.212328,0.048506,Bot
P,100,0.209689,False,0.12553,True,True,0.118606,0.37933,0.166845,Bot
P+,100,0.322885,False,0.086587,False,True,0.073446,0.378461,0.138621,Bot
P,92,0.040751,False,0.255463,False,True,0.623704,0.006596,0.073485,Bot
P,100,0.06615,False,0.17978,True,True,0.207382,0.090434,0.456255,Bot
NONE,100,0.206658,False,0.163273,False,True,0.190997,0.210881,0.228191,Bot
N,100,0.164841,False,0.197652,False,True,0.222858,0.13145,0.283199,Bot
P,100,0.2658,False,0.111016,True,True,0.099362,0.372321,0.151501,Bot
P,86,0.024253,False,0.314391,False,False,0.019866,0.605479,0.036011,Bot
P,92,0.007293,False,0.873527,True,True,0.05517,0.002259,0.061751,Bot
NEU,94,0.076381,False,0.504548,False,False,0.203037,0.006839,0.209195,Bot
NONE,100,0.592564,False,0.112133,False,True,0.062709,0.106263,0.126332,Bot
NONE,100,0.045555,False,0.147057,False,True,0.102519,0.216118,0.488752,Bot
P+,100,0.700665,False,0.020032,True,True,0.014957,0.12998,0.134366,Bot
P,100,0.209689,False,0.12553,True,True,0.118606,0.37933,0.166845,Bot
P+,100,0.345026,False,0.356294,True,True,0.115537,0.063713,0.11943,Bot
P+,100,0.047382,False,0.511006,False,True,0.221345,0.004872,0.215395,Bot
NONE,100,0.214697,False,0.141542,False,True,0.125297,0.332317,0.186146,Bot
P,100,0.606271,False,0.230644,True,True,0.064907,0.062506,0.035672,Bot
N,100,0.364489,False,0.27497,True,True,0.110413,0.075083,0.175045,Bot
NONE,100,0.339351,False,0.12533,False,True,0.076775,0.297721,0.160822,Bot
NONE,100,0.103849,False,0.315046,False,True,0.090849,0.009612,0.480644,Bot
NONE,100,0.236975,False,0.214062,False,True,0.311002,0.203703,0.034259,Bot
P+,98,0.02812,False,0.521809,False,True,0.366184,0.02504,0.058847,Bot
P,100,0.119313,False,0.082826,True,True,0.19531,0.300851,0.3017,Bot
NONE,100,0.303857,False,0.199663,False,True,0.128044,0.149755,0.218682,Bot
P,100,0.524883,False,0.245208,True,True,0.097026,0.062463,0.07042,Bot
NONE,100,0.155701,False,0.149269,True,True,0.12606,0.405535,0.163435,Bot
P,100,0.102219,False,0.140836,True,True,0.076621,0.583183,0.097141,Bot
NONE,100,0.193947,False,0.239333,False,True,0.076307,0.396173,0.094241,Bot
P+,100,0.306419,False,0.049344,True,True,0.045311,0.549459,0.049466,Bot
NONE,100,0.035222,False,0.039577,False,True,0.013229,0.89378,0.018192,Bot
P,100,0.277524,False,0.166935,False,True,0.190519,0.125664,0.239357,Bot
P,100,0.443367,False,0.187335,False,True,0.19043,0.09218,0.086688,Bot
NONE,100,0.100713,False,0.432402,False,True,0.233339,0.014533,0.219013,Bot
NONE,100,0.12995,False,0.261656,False,True,0.32682,0.097965,0.183609,Bot
N,100,0.148676,False,0.304028,True,True,0.166497,0.024695,0.356104,Bot
N+,89,0.030736,False,0.49934,True,True,0.350811,0.09439,0.024723,Bot
P+,92,0.00929,False,0.384003,False,True,0.236648,0.004655,0.365404,Bot
NONE,100,0.187275,False,0.163254,False,True,0.077722,0.371682,0.200068,Bot
P,100,0.209312,False,0.144006,True,True,0.171302,0.322785,0.152595,Bot
N+,100,0.025417,False,0.709727,False,True,0.094064,0.011344,0.159448,Bot
NONE,100,0.112161,False,0.376528,False,True,0.24361,0.115234,0.152467,Bot
P,100,0.082905,False,0.557272,False,True,0.099377,0.034377,0.22607,Bot
P+,100,0.098228,False,0.204058,False,True,0.433993,0.009687,0.254033,Bot
NONE,100,0.036438,False,0.199527,False,True,0.159981,0.022394,0.581661,Bot
NONE,100,0.418015,False,0.129202,False,True,0.182713,0.027583,0.242487,Bot
N,100,0.055809,False,0.236388,True,True,0.060507,0.465144,0.182152,Bot
NONE,100,0.187275,False,0.163254,False,True,0.077722,0.371682,0.200068,Bot
NONE,100,0.192946,False,0.164956,False,True,0.142407,0.282531,0.21716,Bot
P,100,0.209312,False,0.144006,True,True,0.171302,0.322785,0.152595,Bot
N,100,0.059713,False,0.340942,False,True,0.213781,0.229854,0.155711,Bot
N,100,0.024988,False,0.756636,True,True,0.118511,0.006082,0.093782,Bot
P+,92,0.015112,False,0.372084,True,True,0.412508,0.055022,0.145274,Bot
P,100,0.024632,False,0.281854,True,True,0.656525,0.015311,0.021678,Bot
P,100,0.2658,False,0.111016,True,True,0.099362,0.372321,0.151501,Bot
P,94,0.086293,False,0.40761,True,False,0.223532,0.208073,0.074492,Bot
P,100,0.353259,False,0.094241,False,True,0.089452,0.314563,0.148485,Bot
NONE,100,0.033214,False,0.265428,True,True,0.173636,0.437837,0.089885,Bot
N,90,0.180146,True,0.240416,False,True,0.420626,0.084626,0.074187,Bot
NONE,100,0.237432,False,0.11367,False,True,0.12961,0.374969,0.144318,Bot
NEU,94,0.038872,False,0.675967,True,False,0.046611,0.106557,0.131994,Bot
NONE,100,0.192946,False,0.164956,False,True,0.142407,0.282531,0.21716,Bot
P+,100,0.338259,False,0.188235,True,True,0.065847,0.351405,0.056253,Bot
NONE,100,0.150349,False,0.336531,False,True,0.213767,0.065245,0.234109,Bot
P,100,0.540061,False,0.148369,False,True,0.164089,0.017617,0.129864,Bot
P,100,0.491592,False,0.162008,False,True,0.103309,0.186063,0.057028,Bot
N+,100,0.024524,False,0.111019,True,True,0.691257,0.028461,0.144739,Bot
NONE,100,0.073875,False,0.534493,False,True,0.092664,0.216851,0.082116,Bot
P,100,0.021291,False,0.671048,False,True,0.13082,0.035228,0.141612,Bot
N,84,0.040429,False,0.40966,False,False,0.333743,0.07942,0.136748,Bot
NONE,100,0.055596,False,0.177921,False,True,0.275107,0.027751,0.463625,Bot
P+,100,0.247224,False,0.146947,False,True,0.107385,0.316595,0.181849,Bot
P,100,0.240217,False,0.098753,True,True,0.063192,0.455427,0.142412,Bot
P,100,0.209689,False,0.12553,True,True,0.118606,0.37933,0.166845,Bot
NONE,100,0.198062,False,0.146602,False,True,0.139654,0.287118,0.228564,Bot
NONE,100,0.062265,False,0.117504,False,True,0.549132,0.167627,0.103472,Bot
NONE,100,0.451212,False,0.07924,False,True,0.095304,0.273291,0.100953,Bot
NONE,100,0.059118,False,0.402071,False,True,0.09961,0.005698,0.433503,Bot
NONE,100,0.104379,False,0.551908,False,True,0.162468,0.009889,0.171356,Bot
N,100,0.060124,False,0.222108,False,True,0.441938,0.023562,0.252268,Bot
NONE,100,0.210928,False,0.330283,False,True,0.145353,0.099261,0.214176,Bot
P,92,0.035549,False,0.292181,False,True,0.351824,0.006751,0.313696,Bot
NONE,100,0.091814,False,0.312789,False,True,0.110927,0.243212,0.241258,Bot
P+,100,0.475403,False,0.095794,True,True,0.052397,0.11847,0.257935,Bot
NEU,94,0.355166,False,0.279738,False,False,0.200551,0.030129,0.134416,Bot
N+,100,0.067983,False,0.360516,True,True,0.287113,0.135058,0.149329,Bot
P,89,0.026737,False,0.424563,True,True,0.367578,0.048701,0.132421,Bot
N,100,0.031131,False,0.334182,True,True,0.41472,0.013269,0.206699,Bot
P,100,0.217871,False,0.343632,False,True,0.262347,0.091531,0.084619,Bot
N,100,0.009858,False,0.761155,True,True,0.170457,0.013457,0.045074,Bot
P+,100,0.267971,False,0.261201,False,True,0.050798,0.216516,0.203513,Bot
P+,100,0.159071,False,0.067824,True,True,0.047143,0.664543,0.061419,Bot
P+,100,0.401769,False,0.141366,False,True,0.06617,0.082137,0.308558,Bot
P,97,0.261525,False,0.28635,False,True,0.038824,0.305501,0.107801,Bot
NONE,100,0.192946,False,0.164956,False,True,0.142407,0.282531,0.21716,Bot
NONE,100,0.132279,False,0.143664,False,True,0.134676,0.433722,0.155659,Bot
NONE,100,0.226143,False,0.149044,False,True,0.114144,0.32704,0.183628,Bot
NONE,100,0.345847,False,0.224494,False,True,0.092182,0.201776,0.135702,Bot
P+,92,0.137145,False,0.314115,False,True,0.026933,0.459341,0.062466,Bot
NONE,100,0.066136,False,0.571061,False,True,0.147532,0.012115,0.203155,Bot
N,94,0.011582,False,0.074552,True,False,0.871788,0.006016,0.036062,Bot
NONE,100,0.086087,False,0.380965,False,True,0.257481,0.085918,0.18955,Bot
P+,100,0.241296,False,0.215947,False,True,0.190697,0.206155,0.145906,Bot
N,100,0.145437,False,0.487755,False,True,0.271637,0.021443,0.073727,Bot
NONE,100,0.073476,False,0.420459,False,True,0.37903,0.034932,0.092103,Bot
N,92,0.154804,False,0.429213,True,True,0.092126,0.063325,0.260532,Bot
P+,92,0.039069,False,0.314879,True,True,0.536311,0.022612,0.08713,Bot
P,100,0.188211,False,0.155995,True,True,0.116073,0.362454,0.177267,Bot
NONE,100,0.191696,False,0.279859,False,True,0.104906,0.244664,0.178875,Bot
NONE,100,0.07147,False,0.030287,False,True,0.019958,0.105633,0.772652,Bot
P,92,0.058452,False,0.303415,False,True,0.40658,0.123719,0.107834,Bot
P,100,0.509126,False,0.088451,False,True,0.036913,0.199604,0.165906,Bot
P+,100,0.77311,False,0.086276,True,True,0.018915,0.099447,0.022253,Bot
N,90,0.113634,False,0.440522,False,True,0.093953,0.27479,0.0771,Bot
P,100,0.042178,False,0.357578,True,True,0.328834,0.067711,0.2037,Bot
N,91,0.000185,False,0.012243,True,False,0.986244,0.000041,0.001286,Bot
P,100,0.209689,False,0.12553,True,True,0.118606,0.37933,0.166845,Bot
N,100,0.050553,False,0.372016,False,True,0.43342,0.027826,0.116185,Bot
NONE,100,0.013387,False,0.577138,False,True,0.230836,0.153452,0.025186,Bot
N,100,0.050683,False,0.57672,False,True,0.229955,0.104727,0.037916,Bot
P,100,0.209312,False,0.144006,True,True,0.171302,0.322785,0.152595,Bot
P,100,0.209689,False,0.12553,True,True,0.118606,0.37933,0.166845,Bot
P+,100,0.100895,False,0.439431,False,True,0.387531,0.016525,0.055617,Bot
NONE,100,0.028351,False,0.61118,False,True,0.260484,0.038245,0.061741,Bot
P,100,0.556862,False,0.095667,False,True,0.057261,0.04755,0.24266,Bot
NONE,100,0.030807,False,0.139422,False,True,0.075211,0.149646,0.604913,Bot
NONE,100,0.317464,False,0.16683,False,True,0.15933,0.202952,0.153425,Bot
P,100,0.188211,False,0.155995,True,True,0.116073,0.362454,0.177267,Bot
