@relation 'trainwsae-weka.filters.unsupervised.attribute.Remove-R1-3,5,8-9'

@attribute sadness numeric
@attribute class {Bot,Human}
@attribute fear numeric
@attribute anger numeric
@attribute surprise numeric
@attribute joy numeric

@data
0.703584,Bot,0.113918,0.128419,0.008168,0.045911
0.190533,Bot,0.112559,0.544435,0.006755,0.145717
0.174079,Bot,0.155429,0.180779,0.161135,0.328578
0.147975,Bot,0.137544,0.02522,0.438305,0.250956
0.068614,Bot,0.058591,0.064704,0.366193,0.441898
0.305842,Bot,0.222066,0.403741,0.007262,0.061089
0.333978,Bot,0.164106,0.404688,0.053085,0.044143
0.466511,Bot,0.08963,0.035293,0.17331,0.235255
0.294009,Bot,0.180396,0.163229,0.094952,0.267413
0.43063,Bot,0.327299,0.104613,0.012587,0.12487
0.370571,Bot,0.197782,0.094964,0.034261,0.302421
0.022816,Bot,0.057529,0.016132,0.225673,0.67785
0.336531,Bot,0.234109,0.213767,0.065245,0.150349
0.229213,Bot,0.323389,0.267864,0.006576,0.172959
0.433747,Bot,0.167545,0.160359,0.068791,0.169558
0.194644,Bot,0.105402,0.0958,0.405069,0.199086
0.52819,Bot,0.239825,0.112635,0.037602,0.081749
0.275818,Bot,0.102952,0.56117,0.049807,0.010254
0.182119,Bot,0.303893,0.124745,0.009169,0.380073
0.231603,Bot,0.187604,0.157383,0.182498,0.240911
0.144006,Bot,0.152595,0.171302,0.322785,0.209312
0.141542,Bot,0.186146,0.125297,0.332317,0.214697
0.167759,Bot,0.325548,0.30225,0.079217,0.125227
0.145272,Bot,0.230556,0.564809,0.035986,0.023377
0.043138,Bot,0.462226,0.018583,0.238737,0.237317
0.111852,Bot,0.142781,0.079909,0.461925,0.203533
0.155995,Bot,0.177267,0.116073,0.362454,0.188211
0.491792,Bot,0.038719,0.067685,0.04776,0.354044
0.166323,Bot,0.233145,0.212322,0.186235,0.201974
0.141218,Bot,0.129091,0.258024,0.286734,0.184934
0.372016,Bot,0.116185,0.43342,0.027826,0.050553
0.274775,Bot,0.037956,0.108629,0.382773,0.195867
0.054402,Bot,0.337542,0.027145,0.079455,0.501457
0.33198,Bot,0.238577,0.180591,0.086122,0.162731
0.308464,Bot,0.234129,0.213638,0.171356,0.072414
0.168555,Bot,0.108506,0.397452,0.197181,0.128306
0.276014,Bot,0.151654,0.51803,0.017303,0.036998
0.249234,Bot,0.348747,0.096731,0.236766,0.068523
0.464142,Bot,0.19966,0.187965,0.098108,0.050125
0.189576,Bot,0.253276,0.277492,0.074529,0.205127
0.09443,Bot,0.037319,0.862071,0.002653,0.003527
0.391168,Bot,0.188612,0.116859,0.089209,0.214152
0.149269,Bot,0.163435,0.12606,0.405535,0.155701
0.263329,Bot,0.185889,0.18001,0.163532,0.20724
0.049344,Bot,0.049466,0.045311,0.549459,0.306419
0.333589,Bot,0.384554,0.148948,0.055445,0.077464
0.568171,Bot,0.120874,0.216114,0.037545,0.057296
0.272546,Bot,0.164727,0.442968,0.01154,0.108218
0.149269,Bot,0.163435,0.12606,0.405535,0.155701
0.312349,Bot,0.080137,0.552866,0.045341,0.009307
0.191129,Bot,0.25747,0.379001,0.055967,0.116434
0.435594,Bot,0.077236,0.028588,0.341297,0.117284
0.176752,Bot,0.180066,0.119445,0.287599,0.236139
0.396084,Bot,0.150907,0.225889,0.097221,0.1299
0.158452,Bot,0.266352,0.196987,0.210046,0.168163
0.061403,Bot,0.081704,0.115426,0.657904,0.083563
0.179654,Bot,0.144203,0.247317,0.232557,0.196268
0.208663,Bot,0.066654,0.560804,0.100969,0.06291
0.023551,Bot,0.04312,0.004449,0.609033,0.319847
0.419086,Bot,0.064162,0.058711,0.135328,0.322713
0.615917,Bot,0.089642,0.173442,0.069613,0.051386
0.113484,Bot,0.566103,0.192315,0.014297,0.113801
0.337634,Bot,0.162506,0.21149,0.265382,0.022988
0.384233,Bot,0.150582,0.287331,0.098472,0.079382
0.072802,Bot,0.111558,0.087616,0.444139,0.283886
0.363856,Bot,0.176841,0.088337,0.327616,0.043351
0.306067,Bot,0.073196,0.097422,0.027509,0.495805
0.216512,Bot,0.345556,0.258939,0.120585,0.058408
0.136551,Bot,0.280962,0.134856,0.245041,0.20259
0.049344,Bot,0.049466,0.045311,0.549459,0.306419
0.377994,Bot,0.198331,0.244086,0.049301,0.130288
0.093334,Bot,0.089705,0.10515,0.442769,0.269042
0.37551,Bot,0.117401,0.409845,0.057958,0.039286
0.391142,Bot,0.180342,0.33732,0.032748,0.058448
0.520804,Bot,0.293118,0.146109,0.008607,0.031363
0.226144,Bot,0.184396,0.291083,0.231956,0.066421
0.390918,Bot,0.202481,0.253813,0.087671,0.065118
0.12553,Bot,0.166845,0.118606,0.37933,0.209689
0.109084,Bot,0.574405,0.108037,0.022289,0.186185
0.375861,Bot,0.053112,0.130265,0.27022,0.170542
0.335286,Bot,0.103871,0.11836,0.177294,0.26519
0.141542,Bot,0.186146,0.125297,0.332317,0.214697
0.049344,Bot,0.049466,0.045311,0.549459,0.306419
0.159222,Bot,0.222378,0.186567,0.219347,0.212486
0.300427,Bot,0.173757,0.128045,0.051039,0.346732
0.209073,Bot,0.251253,0.082494,0.251811,0.205368
0.269021,Bot,0.225249,0.164605,0.097445,0.243679
0.280587,Bot,0.129182,0.18794,0.143469,0.258822
0.359455,Bot,0.209116,0.383683,0.01736,0.030386
0.164956,Bot,0.21716,0.142407,0.282531,0.192946
0.110647,Bot,0.133029,0.115747,0.446381,0.194196
0.569433,Bot,0.090573,0.110758,0.135962,0.093274
0.586446,Bot,0.088496,0.133274,0.101261,0.090524
0.123362,Bot,0.313982,0.34123,0.05797,0.163456
0.273556,Bot,0.257547,0.181408,0.039661,0.247828
0.401943,Bot,0.481914,0.088829,0.004656,0.022658
0.249047,Bot,0.165857,0.156617,0.161655,0.266823
0.303463,Bot,0.510776,0.132206,0.016612,0.036944
0.238512,Bot,0.109439,0.608303,0.019398,0.024347
0.382368,Bot,0.382837,0.086515,0.012856,0.135424
0.169725,Bot,0.047605,0.061606,0.667466,0.053599
0.150501,Bot,0.050339,0.026472,0.339128,0.433559
0.201842,Bot,0.060637,0.175647,0.244796,0.317079
0.205047,Bot,0.177076,0.188528,0.277532,0.151817
0.398848,Bot,0.30341,0.198737,0.019438,0.079567
0.179843,Bot,0.035547,0.679072,0.082364,0.023174
0.386999,Bot,0.107684,0.395887,0.066166,0.043264
0.379459,Bot,0.111574,0.271336,0.111145,0.126486
0.114283,Bot,0.149278,0.030822,0.257956,0.447661
0.380867,Bot,0.269702,0.210076,0.091473,0.047883
0.252493,Bot,0.143583,0.116062,0.19788,0.289982
0.240413,Bot,0.217395,0.238728,0.049693,0.25377
0.275958,Bot,0.151233,0.249117,0.163709,0.159983
0.154217,Bot,0.195347,0.170082,0.298054,0.182301
0.055152,Bot,0.021976,0.012602,0.773935,0.136335
0.084266,Bot,0.183105,0.089302,0.434742,0.208585
0.165259,Bot,0.128892,0.504156,0.125411,0.076283
0.149269,Bot,0.163435,0.12606,0.405535,0.155701
0.164956,Bot,0.21716,0.142407,0.282531,0.192946
0.149269,Bot,0.163435,0.12606,0.405535,0.155701
0.471135,Bot,0.302309,0.12108,0.016105,0.089372
0.091631,Bot,0.069754,0.02909,0.054057,0.755467
0.309575,Bot,0.114527,0.103002,0.377522,0.095374
0.45801,Bot,0.044633,0.292454,0.156331,0.048572
0.296719,Bot,0.049859,0.505931,0.100015,0.047477
0.347084,Bot,0.09539,0.06999,0.20871,0.278826
0.153782,Bot,0.058419,0.041777,0.411706,0.334316
0.23999,Bot,0.366764,0.179311,0.058764,0.155172
0.077748,Bot,0.55335,0.027678,0.014708,0.326516
0.35999,Bot,0.110972,0.172248,0.077244,0.279546
0.111016,Bot,0.151501,0.099362,0.372321,0.2658
0.154217,Bot,0.195347,0.170082,0.298054,0.182301
0.144006,Bot,0.152595,0.171302,0.322785,0.209312
0.63145,Bot,0.037448,0.066728,0.175134,0.089241
0.16011,Bot,0.357977,0.109227,0.077799,0.294887
0.180203,Bot,0.446705,0.222796,0.104107,0.046189
0.239906,Bot,0.53681,0.091422,0.006979,0.124882
0.245209,Bot,0.153687,0.207053,0.100399,0.293651
0.14025,Bot,0.415748,0.278409,0.072988,0.092606
0.349017,Bot,0.154887,0.396459,0.034053,0.065584
0.353518,Bot,0.160082,0.379084,0.024366,0.08295
0.144006,Bot,0.152595,0.171302,0.322785,0.209312
0.627727,Bot,0.086338,0.133241,0.050839,0.101856
0.526207,Bot,0.077289,0.044551,0.244356,0.107597
0.480575,Bot,0.071485,0.246844,0.105393,0.095702
0.242135,Bot,0.160378,0.473437,0.034943,0.089107
0.079043,Bot,0.028743,0.021622,0.454603,0.415989
0.272708,Bot,0.428806,0.086384,0.015399,0.196703
0.009715,Bot,0.044543,0.00705,0.126582,0.812111
0.207972,Bot,0.289721,0.254292,0.130738,0.117277
0.159085,Bot,0.082596,0.072573,0.528456,0.157289
0.828734,Bot,0.092686,0.065976,0.001193,0.011412
0.096229,Bot,0.68772,0.102575,0.013238,0.100238
0.149156,Bot,0.105533,0.538973,0.148012,0.058325
0.164956,Bot,0.21716,0.142407,0.282531,0.192946
0.412924,Bot,0.057395,0.474149,0.008563,0.046969
0.007825,Bot,0.019741,0.003216,0.159722,0.809497
0.33025,Bot,0.065348,0.08883,0.131377,0.384194
0.021792,Bot,0.008848,0.002095,0.46704,0.500225
0.112487,Bot,0.187142,0.132663,0.341542,0.226167
0.376536,Bot,0.139549,0.112215,0.15059,0.221111
0.114239,Bot,0.395777,0.277505,0.071072,0.141407
0.187505,Bot,0.27836,0.466067,0.00929,0.058777
0.212841,Bot,0.100295,0.029647,0.208344,0.448874
0.048368,Bot,0.769309,0.054214,0.025721,0.102388
0.49283,Bot,0.117514,0.164948,0.163025,0.061683
0.815117,Bot,0.055805,0.116586,0.004658,0.007834
0.113977,Bot,0.571757,0.246235,0.034475,0.033557
0.291251,Bot,0.15462,0.220067,0.066294,0.267767
0.222767,Bot,0.031298,0.683029,0.028246,0.034659
0.172798,Bot,0.246459,0.161633,0.30617,0.11294
0.704137,Bot,0.027464,0.183608,0.032796,0.051996
0.268457,Bot,0.151821,0.178222,0.222832,0.178667
0.101107,Bot,0.505939,0.038644,0.044003,0.310307
0.326716,Bot,0.079166,0.348056,0.120763,0.125299
0.159341,Bot,0.230772,0.150135,0.278866,0.180885
0.208442,Bot,0.144373,0.134761,0.290218,0.222206
0.380174,Bot,0.199973,0.124144,0.076107,0.219602
0.483068,Bot,0.1744,0.218482,0.0696,0.05445
0.332223,Bot,0.08499,0.051652,0.09333,0.437805
0.144006,Bot,0.152595,0.171302,0.322785,0.209312
0.261768,Bot,0.10635,0.370632,0.155366,0.105885
0.465272,Bot,0.241569,0.107614,0.040026,0.145519
0.235225,Bot,0.41774,0.231775,0.08795,0.02731
0.238068,Bot,0.287757,0.18353,0.052935,0.23771
0.246412,Bot,0.168868,0.160237,0.083653,0.34083
0.122272,Bot,0.061228,0.019371,0.080724,0.716404
0.515926,Bot,0.162244,0.286782,0.011143,0.023905
0.495543,Bot,0.217385,0.219353,0.028746,0.038973
0.420173,Bot,0.095533,0.410859,0.031382,0.042054
0.260137,Bot,0.360854,0.159182,0.062652,0.157174
0.092257,Bot,0.112377,0.12739,0.289481,0.378495
0.351012,Bot,0.230379,0.284512,0.096368,0.037728
0.424042,Bot,0.218488,0.331614,0.003282,0.022574
0.525886,Bot,0.09871,0.301726,0.040856,0.032823
0.460507,Bot,0.145881,0.302609,0.020175,0.070828
0.068138,Bot,0.020366,0.907511,0.000988,0.002997
0.09181,Bot,0.075464,0.021829,0.125424,0.685473
0.140529,Bot,0.712593,0.026028,0.034444,0.086406
0.150095,Bot,0.219536,0.148592,0.280323,0.201453
0.204898,Bot,0.326172,0.1889,0.136052,0.143978
0.468001,Bot,0.147866,0.363299,0.006035,0.014799
0.046427,Bot,0.870879,0.038424,0.01454,0.02973
0.401668,Bot,0.174512,0.075253,0.222938,0.12563
0.154217,Bot,0.195347,0.170082,0.298054,0.182301
0.092673,Bot,0.17813,0.074907,0.324683,0.329606
0.122535,Bot,0.455365,0.300698,0.053313,0.068088
0.400333,Bot,0.308334,0.188247,0.010474,0.092611
0.333009,Bot,0.40393,0.193048,0.018616,0.051398
0.288948,Bot,0.199055,0.203555,0.064625,0.243816
0.712387,Bot,0.175563,0.09411,0.006534,0.011407
0.489597,Bot,0.094859,0.354848,0.036867,0.023829
0.270497,Bot,0.093125,0.611857,0.015732,0.00879
0.397874,Bot,0.109354,0.095985,0.182037,0.21475
0.155995,Bot,0.177267,0.116073,0.362454,0.188211
0.271513,Bot,0.345539,0.10317,0.054319,0.22546
0.530663,Bot,0.061665,0.298115,0.020024,0.089532
0.376528,Bot,0.152467,0.24361,0.115234,0.112161
0.278912,Bot,0.092659,0.100013,0.425162,0.103255
0.295682,Bot,0.109492,0.179257,0.313803,0.101766
0.414486,Bot,0.176231,0.351793,0.012889,0.044602
0.578658,Bot,0.073122,0.190584,0.022703,0.134933
0.43979,Bot,0.202854,0.252413,0.019191,0.085753
0.226845,Bot,0.375663,0.080074,0.158738,0.15868
0.294017,Bot,0.011387,0.03563,0.596441,0.062524
0.215947,Bot,0.145906,0.190697,0.206155,0.241296
0.291972,Bot,0.302895,0.225771,0.055803,0.123559
0.185071,Bot,0.413725,0.237273,0.063043,0.100887
0.12553,Bot,0.166845,0.118606,0.37933,0.209689
0.087501,Bot,0.101643,0.110882,0.07638,0.623593
0.163975,Bot,0.282156,0.112021,0.30752,0.134328
0.123495,Bot,0.594744,0.056938,0.200651,0.024172
0.347888,Bot,0.077189,0.213334,0.178844,0.182745
0.31976,Bot,0.173417,0.273698,0.019843,0.213282
0.18019,Bot,0.147888,0.171698,0.372752,0.127472
0.24931,Bot,0.636279,0.080686,0.003822,0.029903
0.15096,Bot,0.167554,0.100017,0.355236,0.226234
0.395425,Bot,0.092147,0.132348,0.060048,0.320032
0.203148,Bot,0.294228,0.304919,0.13075,0.066954
0.376528,Bot,0.152467,0.24361,0.115234,0.112161
0.235701,Bot,0.41882,0.240082,0.017587,0.08781
0.469535,Bot,0.162071,0.198138,0.03479,0.135466
0.176774,Bot,0.223635,0.158335,0.243171,0.198085
0.272231,Bot,0.230014,0.082377,0.316441,0.098937
0.336956,Bot,0.139753,0.340194,0.119807,0.06329
0.180585,Bot,0.04055,0.752971,0.013105,0.012789
0.167281,Bot,0.093098,0.691366,0.017531,0.030723
0.4928,Bot,0.171143,0.122701,0.099786,0.11357
0.22898,Bot,0.082352,0.134934,0.192811,0.360924
0.179679,Bot,0.513383,0.174906,0.080952,0.05108
0.136187,Bot,0.194916,0.123539,0.343078,0.20228
0.387801,Bot,0.122146,0.244019,0.035916,0.210118
0.191777,Bot,0.435085,0.051293,0.176726,0.145119
0.130795,Bot,0.717077,0.067087,0.046968,0.038074
0.144618,Bot,0.027586,0.769785,0.027218,0.030794
0.141542,Bot,0.186146,0.125297,0.332317,0.214697
0.319046,Bot,0.305673,0.291059,0.013076,0.071147
0.167842,Bot,0.264826,0.164018,0.237863,0.165451
0.291249,Bot,0.137534,0.19404,0.275836,0.101342
0.132706,Bot,0.153084,0.12413,0.384364,0.205717
0.231969,Bot,0.101757,0.498329,0.029146,0.138799
0.444132,Bot,0.084254,0.269609,0.06599,0.136016
0.445256,Bot,0.072163,0.034023,0.427808,0.02075
0.260716,Bot,0.079579,0.074996,0.516142,0.068567
0.283577,Bot,0.143625,0.155693,0.111067,0.306038
0.245542,Bot,0.079016,0.040893,0.050446,0.584103
0.265986,Bot,0.553159,0.046098,0.03969,0.095068
0.113914,Bot,0.131382,0.099597,0.172924,0.482183
0.20587,Bot,0.050573,0.254297,0.143309,0.34595
0.1648,Bot,0.279309,0.140166,0.237179,0.178546
0.112487,Bot,0.187142,0.132663,0.341542,0.226167
0.106885,Bot,0.130988,0.062516,0.214803,0.484808
0.481525,Bot,0.05535,0.331659,0.104847,0.02662
0.68479,Bot,0.02261,0.182797,0.094076,0.015727
0.384979,Bot,0.085203,0.113613,0.277829,0.138376
0.262678,Bot,0.109329,0.088854,0.074608,0.464531
0.338744,Bot,0.104356,0.113178,0.124726,0.318996
0.228898,Bot,0.084909,0.060223,0.049719,0.576251
0.289214,Bot,0.030323,0.578168,0.047247,0.055048
0.250963,Bot,0.304352,0.2046,0.057664,0.182421
0.580743,Bot,0.240917,0.105444,0.031485,0.04141
0.32468,Bot,0.138324,0.299113,0.189521,0.048363
0.032344,Bot,0.026877,0.016525,0.337675,0.586579
0.037334,Bot,0.289214,0.030789,0.501145,0.141517
0.224465,Bot,0.204753,0.253454,0.189041,0.128287
0.140309,Bot,0.194162,0.131099,0.353909,0.180521
0.111016,Bot,0.151501,0.099362,0.372321,0.2658
0.143764,Bot,0.096881,0.056063,0.083913,0.619379
0.200747,Bot,0.105608,0.173328,0.298134,0.222184
0.05405,Bot,0.045935,0.039773,0.608977,0.251265
0.349017,Bot,0.154887,0.396459,0.034053,0.065584
0.226337,Bot,0.275837,0.348897,0.041368,0.107561
0.629495,Bot,0.02969,0.110268,0.208914,0.021634
0.273352,Bot,0.066011,0.326822,0.159685,0.17413
0.04088,Bot,0.046613,0.033008,0.620085,0.259414
0.114216,Bot,0.15614,0.118654,0.404431,0.206559
0.163273,Bot,0.228191,0.190997,0.210881,0.206658
0.226667,Bot,0.034674,0.321349,0.127398,0.289911
0.244904,Bot,0.364557,0.14528,0.0592,0.186059
0.276586,Bot,0.090426,0.107442,0.30939,0.216156
0.158182,Bot,0.127946,0.141308,0.500863,0.071701
0.146175,Bot,0.050246,0.76334,0.021071,0.019168
0.226907,Bot,0.397177,0.068314,0.263358,0.044244
0.551045,Bot,0.084372,0.280156,0.032364,0.052062
0.106084,Bot,0.195979,0.689381,0.006566,0.00199
0.150853,Bot,0.168183,0.099587,0.359276,0.2221
0.241799,Bot,0.083048,0.313394,0.102806,0.258953
0.184788,Bot,0.214437,0.533012,0.008639,0.059123
0.245209,Bot,0.153687,0.207053,0.100399,0.293651
0.155995,Bot,0.177267,0.116073,0.362454,0.188211
0.669185,Bot,0.222401,0.082557,0.0116,0.014258
0.60884,Bot,0.177557,0.181112,0.005289,0.027202
0.12553,Bot,0.166845,0.118606,0.37933,0.209689
0.149269,Bot,0.163435,0.12606,0.405535,0.155701
0.049344,Bot,0.049466,0.045311,0.549459,0.306419
0.474742,Bot,0.060399,0.406595,0.032698,0.025565
0.117314,Bot,0.047451,0.025278,0.359577,0.450381
0.293428,Bot,0.034359,0.638604,0.016083,0.017527
0.132172,Bot,0.527088,0.164278,0.116106,0.060357
0.420163,Bot,0.257496,0.159227,0.045193,0.117922
0.465276,Bot,0.145757,0.130881,0.07538,0.182707
0.048151,Bot,0.04173,0.037025,0.708495,0.164598
0.673637,Bot,0.064612,0.140217,0.05039,0.071144
0.084834,Bot,0.161323,0.68143,0.019254,0.05316
0.100471,Bot,0.049234,0.053008,0.502076,0.29521
0.016269,Bot,0.03532,0.009646,0.514639,0.424126
0.526121,Bot,0.175602,0.092097,0.06908,0.137099
0.465272,Bot,0.241569,0.107614,0.040026,0.145519
0.141542,Bot,0.186146,0.125297,0.332317,0.214697
0.130612,Bot,0.308961,0.054114,0.427979,0.078334
0.140309,Bot,0.194162,0.131099,0.353909,0.180521
0.099495,Bot,0.330616,0.107029,0.245347,0.217514
0.134518,Bot,0.101221,0.551144,0.047698,0.165418
0.247126,Bot,0.289165,0.427753,0.011774,0.024182
0.376528,Bot,0.152467,0.24361,0.115234,0.112161
0.175198,Bot,0.696562,0.086075,0.003416,0.038749
0.32154,Bot,0.083223,0.312518,0.161163,0.121555
0.164956,Bot,0.21716,0.142407,0.282531,0.192946
0.103349,Bot,0.033763,0.051091,0.392038,0.419759
0.113406,Bot,0.244339,0.187165,0.161061,0.294028
0.370421,Bot,0.396538,0.100949,0.017301,0.114791
0.01421,Bot,0.001811,0.982854,0.000487,0.000638
0.628907,Bot,0.085248,0.197954,0.041817,0.046074
0.157989,Bot,0.173769,0.138154,0.31829,0.211799
0.698932,Bot,0.082615,0.118954,0.068851,0.030648
0.214738,Bot,0.074733,0.120097,0.313351,0.277081
0.23698,Bot,0.17891,0.272554,0.284158,0.027399
0.388919,Bot,0.117789,0.316398,0.087924,0.08897
0.148251,Bot,0.068888,0.053815,0.619695,0.109351
0.270159,Bot,0.365756,0.207391,0.044725,0.11197
0.46299,Bot,0.227789,0.091476,0.03427,0.183476
0.049344,Bot,0.049466,0.045311,0.549459,0.306419
0.09786,Bot,0.088129,0.020486,0.336542,0.456983
0.155324,Bot,0.303927,0.125259,0.076381,0.339109
0.166883,Bot,0.22253,0.171516,0.203794,0.235276
0.111016,Bot,0.151501,0.099362,0.372321,0.2658
0.12553,Bot,0.166845,0.118606,0.37933,0.209689
0.223061,Bot,0.025641,0.720477,0.017606,0.013215
0.229704,Bot,0.380259,0.042126,0.066995,0.280917
0.615917,Bot,0.089642,0.173442,0.069613,0.051386
0.162359,Bot,0.034679,0.787835,0.007253,0.007874
0.27625,Bot,0.069355,0.517162,0.061743,0.07549
0.376528,Bot,0.152467,0.24361,0.115234,0.112161
0.29249,Bot,0.117837,0.338755,0.01524,0.235677
0.428117,Bot,0.107097,0.035552,0.147897,0.281338
0.409434,Bot,0.083671,0.057625,0.389401,0.059868
0.177482,Bot,0.377766,0.331353,0.046835,0.066564
0.781813,Bot,0.018891,0.07376,0.054416,0.07112
0.143327,Bot,0.098174,0.252412,0.409797,0.096291
0.308188,Bot,0.247861,0.15443,0.20334,0.086181
0.24309,Bot,0.118118,0.081503,0.332059,0.22523
0.067477,Bot,0.007933,0.922139,0.000737,0.001714
0.287305,Bot,0.477688,0.124828,0.060389,0.04979
0.129507,Bot,0.041136,0.819184,0.007331,0.002842
0.35193,Bot,0.454288,0.11421,0.020728,0.058844
0.569789,Bot,0.11088,0.180614,0.033239,0.105479
0.112487,Bot,0.187142,0.132663,0.341542,0.226167
0.144006,Bot,0.152595,0.171302,0.322785,0.209312
0.135436,Bot,0.266111,0.074449,0.151405,0.372599
0.525739,Bot,0.080962,0.177397,0.147362,0.06854
0.59754,Bot,0.040023,0.246699,0.091174,0.024564
0.177925,Bot,0.211632,0.209415,0.189769,0.211259
0.23266,Bot,0.175228,0.426713,0.04008,0.125319
0.34147,Bot,0.448691,0.133749,0.003302,0.072787
0.213464,Bot,0.172728,0.143469,0.283525,0.186813
0.299718,Bot,0.099615,0.511204,0.030328,0.059135
0.287338,Bot,0.149357,0.132855,0.359473,0.070978
0.144006,Bot,0.152595,0.171302,0.322785,0.209312
0.602362,Bot,0.052293,0.272811,0.02396,0.048574
0.0379,Bot,0.146432,0.011029,0.06877,0.735868
0.144727,Bot,0.070672,0.108222,0.028911,0.647469
0.24333,Bot,0.045813,0.222677,0.287804,0.200376
0.233751,Bot,0.309797,0.198586,0.025068,0.232799
0.300018,Bot,0.047964,0.156745,0.247873,0.247399
0.393181,Bot,0.222394,0.119912,0.053239,0.211274
0.145662,Bot,0.189663,0.13182,0.320531,0.212323
0.770687,Bot,0.08214,0.027677,0.072855,0.046641
0.303121,Bot,0.12677,0.073727,0.075457,0.420925
0.384887,Bot,0.117934,0.325067,0.062955,0.109157
0.155995,Bot,0.177267,0.116073,0.362454,0.188211
0.234295,Bot,0.17008,0.558041,0.007974,0.02961
0.103181,Bot,0.165717,0.133691,0.243425,0.353985
0.305667,Bot,0.091598,0.219722,0.144977,0.238036
0.684421,Bot,0.042058,0.197311,0.035401,0.040809
0.104669,Bot,0.155622,0.106831,0.164301,0.468577
0.243968,Bot,0.048225,0.051104,0.50559,0.151112
0.072323,Bot,0.014847,0.070804,0.770094,0.071933
0.235748,Bot,0.200987,0.206479,0.305807,0.050979
0.193266,Bot,0.221015,0.1888,0.211971,0.184947
0.451588,Bot,0.231667,0.047419,0.035791,0.233534
0.079745,Bot,0.246541,0.09925,0.06836,0.506104
0.228255,Bot,0.133205,0.202713,0.158177,0.27765
0.144529,Bot,0.101641,0.030876,0.567413,0.15554
0.666497,Bot,0.079412,0.123685,0.028783,0.101623
0.676576,Bot,0.085546,0.167633,0.049573,0.020672
0.393888,Bot,0.088693,0.392762,0.022465,0.102192
0.122967,Bot,0.131189,0.091618,0.443248,0.210979
0.106598,Bot,0.025498,0.826545,0.007187,0.034172
0.461574,Bot,0.048506,0.155192,0.212328,0.122399
0.12553,Bot,0.166845,0.118606,0.37933,0.209689
0.086587,Bot,0.138621,0.073446,0.378461,0.322885
0.255463,Bot,0.073485,0.623704,0.006596,0.040751
0.17978,Bot,0.456255,0.207382,0.090434,0.06615
0.163273,Bot,0.228191,0.190997,0.210881,0.206658
0.197652,Bot,0.283199,0.222858,0.13145,0.164841
0.111016,Bot,0.151501,0.099362,0.372321,0.2658
0.314391,Bot,0.036011,0.019866,0.605479,0.024253
0.873527,Bot,0.061751,0.05517,0.002259,0.007293
0.504548,Bot,0.209195,0.203037,0.006839,0.076381
0.112133,Bot,0.126332,0.062709,0.106263,0.592564
0.147057,Bot,0.488752,0.102519,0.216118,0.045555
0.020032,Bot,0.134366,0.014957,0.12998,0.700665
0.12553,Bot,0.166845,0.118606,0.37933,0.209689
0.356294,Bot,0.11943,0.115537,0.063713,0.345026
0.511006,Bot,0.215395,0.221345,0.004872,0.047382
0.141542,Bot,0.186146,0.125297,0.332317,0.214697
0.230644,Bot,0.035672,0.064907,0.062506,0.606271
0.27497,Bot,0.175045,0.110413,0.075083,0.364489
0.12533,Bot,0.160822,0.076775,0.297721,0.339351
0.315046,Bot,0.480644,0.090849,0.009612,0.103849
0.214062,Bot,0.034259,0.311002,0.203703,0.236975
0.521809,Bot,0.058847,0.366184,0.02504,0.02812
0.082826,Bot,0.3017,0.19531,0.300851,0.119313
0.199663,Bot,0.218682,0.128044,0.149755,0.303857
0.245208,Bot,0.07042,0.097026,0.062463,0.524883
0.149269,Bot,0.163435,0.12606,0.405535,0.155701
0.140836,Bot,0.097141,0.076621,0.583183,0.102219
0.239333,Bot,0.094241,0.076307,0.396173,0.193947
0.049344,Bot,0.049466,0.045311,0.549459,0.306419
0.039577,Bot,0.018192,0.013229,0.89378,0.035222
0.166935,Bot,0.239357,0.190519,0.125664,0.277524
0.187335,Bot,0.086688,0.19043,0.09218,0.443367
0.432402,Bot,0.219013,0.233339,0.014533,0.100713
0.261656,Bot,0.183609,0.32682,0.097965,0.12995
0.304028,Bot,0.356104,0.166497,0.024695,0.148676
0.49934,Bot,0.024723,0.350811,0.09439,0.030736
0.384003,Bot,0.365404,0.236648,0.004655,0.00929
0.163254,Bot,0.200068,0.077722,0.371682,0.187275
0.144006,Bot,0.152595,0.171302,0.322785,0.209312
0.709727,Bot,0.159448,0.094064,0.011344,0.025417
0.376528,Bot,0.152467,0.24361,0.115234,0.112161
0.557272,Bot,0.22607,0.099377,0.034377,0.082905
0.204058,Bot,0.254033,0.433993,0.009687,0.098228
0.199527,Bot,0.581661,0.159981,0.022394,0.036438
0.129202,Bot,0.242487,0.182713,0.027583,0.418015
0.236388,Bot,0.182152,0.060507,0.465144,0.055809
0.163254,Bot,0.200068,0.077722,0.371682,0.187275
0.164956,Bot,0.21716,0.142407,0.282531,0.192946
0.144006,Bot,0.152595,0.171302,0.322785,0.209312
0.340942,Bot,0.155711,0.213781,0.229854,0.059713
0.756636,Bot,0.093782,0.118511,0.006082,0.024988
0.372084,Bot,0.145274,0.412508,0.055022,0.015112
0.281854,Bot,0.021678,0.656525,0.015311,0.024632
0.111016,Bot,0.151501,0.099362,0.372321,0.2658
0.40761,Bot,0.074492,0.223532,0.208073,0.086293
0.094241,Bot,0.148485,0.089452,0.314563,0.353259
0.265428,Bot,0.089885,0.173636,0.437837,0.033214
0.240416,Bot,0.074187,0.420626,0.084626,0.180146
0.11367,Bot,0.144318,0.12961,0.374969,0.237432
0.675967,Bot,0.131994,0.046611,0.106557,0.038872
0.164956,Bot,0.21716,0.142407,0.282531,0.192946
0.188235,Bot,0.056253,0.065847,0.351405,0.338259
0.336531,Bot,0.234109,0.213767,0.065245,0.150349
0.148369,Bot,0.129864,0.164089,0.017617,0.540061
0.162008,Bot,0.057028,0.103309,0.186063,0.491592
0.111019,Bot,0.144739,0.691257,0.028461,0.024524
0.534493,Bot,0.082116,0.092664,0.216851,0.073875
0.671048,Bot,0.141612,0.13082,0.035228,0.021291
0.40966,Bot,0.136748,0.333743,0.07942,0.040429
0.177921,Bot,0.463625,0.275107,0.027751,0.055596
0.146947,Bot,0.181849,0.107385,0.316595,0.247224
0.098753,Bot,0.142412,0.063192,0.455427,0.240217
0.12553,Bot,0.166845,0.118606,0.37933,0.209689
0.146602,Bot,0.228564,0.139654,0.287118,0.198062
0.117504,Bot,0.103472,0.549132,0.167627,0.062265
0.07924,Bot,0.100953,0.095304,0.273291,0.451212
0.402071,Bot,0.433503,0.09961,0.005698,0.059118
0.551908,Bot,0.171356,0.162468,0.009889,0.104379
0.222108,Bot,0.252268,0.441938,0.023562,0.060124
0.330283,Bot,0.214176,0.145353,0.099261,0.210928
0.292181,Bot,0.313696,0.351824,0.006751,0.035549
0.312789,Bot,0.241258,0.110927,0.243212,0.091814
0.095794,Bot,0.257935,0.052397,0.11847,0.475403
0.279738,Bot,0.134416,0.200551,0.030129,0.355166
0.360516,Bot,0.149329,0.287113,0.135058,0.067983
0.424563,Bot,0.132421,0.367578,0.048701,0.026737
0.334182,Bot,0.206699,0.41472,0.013269,0.031131
0.343632,Bot,0.084619,0.262347,0.091531,0.217871
0.761155,Bot,0.045074,0.170457,0.013457,0.009858
0.261201,Bot,0.203513,0.050798,0.216516,0.267971
0.067824,Bot,0.061419,0.047143,0.664543,0.159071
0.141366,Bot,0.308558,0.06617,0.082137,0.401769
0.28635,Bot,0.107801,0.038824,0.305501,0.261525
0.164956,Bot,0.21716,0.142407,0.282531,0.192946
0.143664,Bot,0.155659,0.134676,0.433722,0.132279
0.149044,Bot,0.183628,0.114144,0.32704,0.226143
0.224494,Bot,0.135702,0.092182,0.201776,0.345847
0.314115,Bot,0.062466,0.026933,0.459341,0.137145
0.571061,Bot,0.203155,0.147532,0.012115,0.066136
0.074552,Bot,0.036062,0.871788,0.006016,0.011582
0.380965,Bot,0.18955,0.257481,0.085918,0.086087
0.215947,Bot,0.145906,0.190697,0.206155,0.241296
0.487755,Bot,0.073727,0.271637,0.021443,0.145437
0.420459,Bot,0.092103,0.37903,0.034932,0.073476
0.429213,Bot,0.260532,0.092126,0.063325,0.154804
0.314879,Bot,0.08713,0.536311,0.022612,0.039069
0.155995,Bot,0.177267,0.116073,0.362454,0.188211
0.279859,Bot,0.178875,0.104906,0.244664,0.191696
0.030287,Bot,0.772652,0.019958,0.105633,0.07147
0.303415,Bot,0.107834,0.40658,0.123719,0.058452
0.088451,Bot,0.165906,0.036913,0.199604,0.509126
0.086276,Bot,0.022253,0.018915,0.099447,0.77311
0.440522,Bot,0.0771,0.093953,0.27479,0.113634
0.357578,Bot,0.2037,0.328834,0.067711,0.042178
0.012243,Bot,0.001286,0.986244,0.000041,0.000185
0.12553,Bot,0.166845,0.118606,0.37933,0.209689
0.372016,Bot,0.116185,0.43342,0.027826,0.050553
0.577138,Bot,0.025186,0.230836,0.153452,0.013387
0.57672,Bot,0.037916,0.229955,0.104727,0.050683
0.144006,Bot,0.152595,0.171302,0.322785,0.209312
0.12553,Bot,0.166845,0.118606,0.37933,0.209689
0.439431,Bot,0.055617,0.387531,0.016525,0.100895
0.61118,Bot,0.061741,0.260484,0.038245,0.028351
0.095667,Bot,0.24266,0.057261,0.04755,0.556862
0.139422,Bot,0.604913,0.075211,0.149646,0.030807
0.16683,Bot,0.153425,0.15933,0.202952,0.317464
0.155995,Bot,0.177267,0.116073,0.362454,0.188211
0.070474,Bot,0.497626,0.0574,0.011948,0.362551
0.254782,Bot,0.193801,0.267969,0.128678,0.154771
0.169465,Bot,0.066555,0.134829,0.451216,0.177935
0.3122,Bot,0.143274,0.488942,0.04389,0.011694
0.163525,Bot,0.160875,0.589242,0.013809,0.072548
0.349558,Bot,0.181703,0.147413,0.061194,0.260132
0.129346,Bot,0.276143,0.458046,0.023084,0.113381
0.228306,Bot,0.138075,0.225964,0.110244,0.297411
0.627228,Bot,0.049745,0.294269,0.014157,0.014601
0.23494,Bot,0.099616,0.067443,0.227096,0.370906
0.136187,Bot,0.194916,0.123539,0.343078,0.20228
0.468537,Bot,0.202457,0.205176,0.079073,0.044757
0.187582,Bot,0.174771,0.068261,0.358054,0.211332
0.345273,Bot,0.198387,0.267666,0.108261,0.080414
0.336531,Bot,0.234109,0.213767,0.065245,0.150349
0.8168,Bot,0.042366,0.058697,0.040734,0.041402
0.017134,Bot,0.01424,0.010658,0.842799,0.115168
0.773894,Bot,0.054756,0.141691,0.010325,0.019333
0.181879,Bot,0.20095,0.035592,0.065936,0.515644
0.194071,Bot,0.297965,0.188822,0.138582,0.18056
0.369916,Bot,0.049015,0.359694,0.092452,0.128924
0.127471,Bot,0.494566,0.124092,0.057805,0.196066
0.031339,Bot,0.19167,0.015918,0.09035,0.670722
0.31277,Bot,0.408358,0.200988,0.01312,0.064765
0.361458,Bot,0.105011,0.335219,0.067758,0.130554
0.12553,Bot,0.166845,0.118606,0.37933,0.209689
0.14757,Bot,0.157714,0.153388,0.359826,0.181503
0.227079,Bot,0.082881,0.608409,0.009944,0.071686
0.225611,Bot,0.112414,0.21844,0.328491,0.115044
0.151759,Bot,0.199663,0.110106,0.421688,0.116784
0.269159,Bot,0.175455,0.082783,0.084907,0.387696
0.15968,Bot,0.239278,0.175397,0.220682,0.204964
0.110424,Bot,0.44415,0.103863,0.09275,0.248812
0.106817,Bot,0.17578,0.038873,0.17458,0.503949
0.399878,Bot,0.323162,0.136067,0.04561,0.095284
0.13857,Bot,0.185173,0.124762,0.277279,0.274217
0.26778,Bot,0.226884,0.375111,0.027177,0.103048
0.228355,Bot,0.678004,0.06923,0.002705,0.021706
0.152385,Bot,0.19713,0.157336,0.250525,0.242624
0.051446,Bot,0.071534,0.018816,0.136112,0.722093
0.167181,Bot,0.373172,0.152998,0.019959,0.28669
0.160405,Bot,0.106239,0.697945,0.016897,0.018514
0.148444,Bot,0.403961,0.132202,0.248275,0.067117
0.176774,Bot,0.223635,0.158335,0.243171,0.198085
0.125357,Bot,0.157193,0.111466,0.396234,0.209751
0.281558,Bot,0.120782,0.051552,0.488617,0.057492
0.329108,Bot,0.149461,0.367404,0.041316,0.112712
0.164956,Bot,0.21716,0.142407,0.282531,0.192946
0.327823,Bot,0.079837,0.52725,0.02478,0.040309
0.14198,Bot,0.482058,0.259633,0.07242,0.043909
0.368259,Bot,0.487629,0.056482,0.032905,0.054725
0.20498,Bot,0.431962,0.117874,0.130025,0.11516
0.247501,Bot,0.11114,0.565009,0.055566,0.020785
0.434996,Bot,0.258589,0.096545,0.077298,0.132572
0.51712,Bot,0.076943,0.162378,0.212,0.031559
0.207264,Bot,0.066556,0.548785,0.086613,0.090782
0.184035,Bot,0.549949,0.098579,0.114971,0.052466
0.167281,Bot,0.127834,0.218908,0.101363,0.384613
0.339526,Bot,0.111803,0.493046,0.016619,0.039006
0.075904,Bot,0.030345,0.029114,0.052348,0.812288
0.472066,Bot,0.274262,0.12183,0.01912,0.112722
0.049344,Bot,0.049466,0.045311,0.549459,0.306419
0.679553,Bot,0.039158,0.252341,0.017252,0.011696
0.326297,Bot,0.090233,0.313721,0.128569,0.141179
0.339003,Bot,0.171246,0.274169,0.01779,0.197792
0.590375,Bot,0.08944,0.081043,0.144613,0.094529
0.413855,Bot,0.398629,0.086817,0.006568,0.094132
0.118613,Bot,0.024114,0.046389,0.321248,0.489635
0.315236,Bot,0.251745,0.274037,0.076193,0.082788
0.680582,Bot,0.095367,0.201296,0.008611,0.014145
0.24838,Bot,0.35757,0.083023,0.021955,0.289072
0.158452,Bot,0.266352,0.196987,0.210046,0.168163
0.112867,Bot,0.238113,0.072842,0.321721,0.254457
0.149269,Bot,0.163435,0.12606,0.405535,0.155701
0.20134,Bot,0.184072,0.328081,0.241373,0.045134
0.289646,Bot,0.275574,0.248352,0.032898,0.15353
0.54192,Bot,0.047806,0.306301,0.047157,0.056815
0.20359,Bot,0.199365,0.175262,0.173868,0.247916
0.125154,Bot,0.202974,0.619944,0.040229,0.011699
0.158452,Bot,0.266352,0.196987,0.210046,0.168163
0.297076,Bot,0.270682,0.300818,0.068676,0.062749
0.37286,Bot,0.038932,0.418132,0.074561,0.095514
0.262272,Bot,0.108517,0.116575,0.48628,0.026356
0.181252,Bot,0.084917,0.044016,0.272313,0.417502
0.034526,Bot,0.877534,0.016578,0.029103,0.042259
0.177208,Bot,0.252028,0.203051,0.068829,0.298884
0.148184,Bot,0.110837,0.0643,0.528383,0.148297
0.137601,Bot,0.189619,0.321416,0.073429,0.277935
0.12553,Bot,0.166845,0.118606,0.37933,0.209689
0.188165,Bot,0.13903,0.061353,0.088054,0.523398
0.278011,Bot,0.252945,0.338373,0.069006,0.061666
0.360056,Bot,0.071645,0.198911,0.34622,0.023169
0.086198,Bot,0.28649,0.041228,0.089831,0.496253
0.232403,Bot,0.190705,0.470278,0.0448,0.061814
0.180513,Bot,0.211744,0.084822,0.314145,0.208775
0.169458,Bot,0.20434,0.133979,0.307669,0.184555
0.136783,Bot,0.339429,0.131249,0.20886,0.183679
0.128422,Bot,0.15385,0.563005,0.02084,0.133883
0.192104,Bot,0.05039,0.066533,0.383677,0.307296
0.184687,Bot,0.242597,0.544372,0.013497,0.014847
0.372278,Bot,0.439129,0.090938,0.007578,0.090077
0.163265,Bot,0.237097,0.183955,0.223423,0.19226
0.257608,Bot,0.036429,0.68214,0.013934,0.009888
0.179183,Bot,0.163223,0.102433,0.333049,0.222111
0.216369,Bot,0.15065,0.105082,0.064937,0.462962
0.081774,Bot,0.367657,0.04188,0.087149,0.42154
0.519063,Bot,0.058334,0.249754,0.06098,0.11187
0.140309,Bot,0.194162,0.131099,0.353909,0.180521
0.32545,Bot,0.187589,0.377867,0.02154,0.087554
0.154217,Bot,0.195347,0.170082,0.298054,0.182301
0.164283,Bot,0.240567,0.107582,0.046187,0.441381
0.468798,Bot,0.267223,0.086972,0.019762,0.157244
0.370342,Bot,0.287805,0.13761,0.064536,0.139707
0.158452,Bot,0.266352,0.196987,0.210046,0.168163
0.41939,Bot,0.164,0.297614,0.050916,0.068081
0.177874,Bot,0.039671,0.154458,0.185805,0.442192
0.031474,Bot,0.021724,0.010828,0.095987,0.839986
0.631969,Bot,0.074417,0.173944,0.045861,0.073809
0.465504,Bot,0.390534,0.10829,0.00545,0.030222
0.1648,Bot,0.279309,0.140166,0.237179,0.178546
0.485655,Bot,0.269209,0.111287,0.015072,0.118776
0.077739,Bot,0.084064,0.070111,0.167804,0.600282
0.157296,Bot,0.296404,0.390827,0.062034,0.09344
0.194473,Bot,0.253894,0.114237,0.196305,0.241091
0.00973,Bot,0.005847,0.002058,0.560066,0.4223
0.232313,Bot,0.074799,0.186606,0.133859,0.372422
0.542595,Bot,0.10561,0.228022,0.062609,0.061165
0.065143,Bot,0.056917,0.047933,0.520395,0.309612
0.226321,Bot,0.138507,0.061406,0.084378,0.489388
0.136187,Bot,0.194916,0.123539,0.343078,0.20228
0.274877,Bot,0.21485,0.453492,0.015719,0.041063
0.422923,Bot,0.31781,0.136515,0.094769,0.027983
0.188407,Bot,0.508046,0.179537,0.079439,0.044571
0.212961,Bot,0.130713,0.575363,0.014141,0.066822
0.904726,Bot,0.032483,0.045314,0.009761,0.007716
0.14348,Bot,0.162753,0.127161,0.349196,0.217409
0.197478,Bot,0.244861,0.169822,0.161878,0.225961
0.136187,Bot,0.194916,0.123539,0.343078,0.20228
0.175763,Bot,0.187134,0.086618,0.118357,0.432127
0.262678,Bot,0.109329,0.088854,0.074608,0.464531
0.228463,Bot,0.310216,0.030169,0.273887,0.157265
0.380098,Bot,0.125344,0.300058,0.156033,0.038468
0.167637,Bot,0.57335,0.108796,0.132687,0.017531
0.036941,Bot,0.050863,0.022743,0.49501,0.394444
0.281289,Bot,0.169586,0.205919,0.14619,0.197016
0.171182,Bot,0.135871,0.142182,0.378206,0.172559
0.105553,Bot,0.221541,0.080947,0.137124,0.454834
0.144246,Bot,0.229115,0.135038,0.313738,0.177863
0.155682,Bot,0.100143,0.02304,0.239943,0.481191
0.628907,Bot,0.085248,0.197954,0.041817,0.046074
0.136551,Bot,0.280962,0.134856,0.245041,0.20259
0.202503,Bot,0.216564,0.189822,0.178217,0.212895
0.521046,Bot,0.114514,0.192886,0.079119,0.092435
0.086398,Bot,0.332595,0.165208,0.021031,0.394767
0.234698,Bot,0.418967,0.287523,0.033325,0.025488
0.164956,Bot,0.21716,0.142407,0.282531,0.192946
0.322248,Bot,0.129155,0.256983,0.183988,0.107626
0.087383,Bot,0.565455,0.048716,0.224857,0.073589
0.241741,Bot,0.101613,0.100906,0.036967,0.518773
0.243885,Bot,0.133868,0.590786,0.013196,0.018265
0.140309,Bot,0.194162,0.131099,0.353909,0.180521
0.231758,Bot,0.141195,0.286445,0.031591,0.309011
0.144006,Bot,0.152595,0.171302,0.322785,0.209312
0.171796,Bot,0.215999,0.132615,0.229976,0.249614
0.177904,Bot,0.354307,0.057193,0.049289,0.361307
0.579505,Bot,0.067091,0.116993,0.149511,0.086899
0.256368,Bot,0.14983,0.472886,0.031683,0.089232
0.197282,Bot,0.320859,0.038353,0.010794,0.432712
0.457119,Bot,0.30867,0.175435,0.007798,0.050977
0.292236,Bot,0.121041,0.222518,0.098627,0.265578
0.469192,Bot,0.083855,0.17982,0.134005,0.133128
0.22684,Bot,0.060716,0.046786,0.207922,0.457736
0.158452,Bot,0.266352,0.196987,0.210046,0.168163
0.426275,Bot,0.174616,0.304535,0.050958,0.043616
0.317418,Bot,0.179289,0.175428,0.224024,0.103841
0.265563,Bot,0.173127,0.080904,0.076393,0.404014
0.118801,Bot,0.354091,0.507659,0.004671,0.014778
0.283709,Bot,0.245327,0.154104,0.216651,0.10021
0.048689,Bot,0.809282,0.018521,0.030926,0.092583
0.157385,Bot,0.463506,0.136211,0.206344,0.036554
0.146413,Bot,0.53209,0.088253,0.148964,0.084279
0.103181,Bot,0.165717,0.133691,0.243425,0.353985
0.07629,Bot,0.096389,0.053606,0.711522,0.062193
0.24945,Bot,0.156703,0.153557,0.114761,0.325528
0.333252,Bot,0.057888,0.541323,0.008106,0.059431
0.299437,Bot,0.19838,0.434609,0.008999,0.058575
0.626832,Bot,0.13167,0.097819,0.033012,0.110667
0.100275,Bot,0.178707,0.064331,0.585438,0.071249
0.05484,Bot,0.011797,0.930047,0.00228,0.001037
0.091639,Bot,0.146564,0.097503,0.398466,0.265828
0.164956,Bot,0.21716,0.142407,0.282531,0.192946
0.356907,Bot,0.481353,0.088678,0.009735,0.063328
0.091752,Bot,0.527491,0.113128,0.031358,0.23627
0.601335,Bot,0.102621,0.245743,0.015441,0.034861
0.902232,Bot,0.050319,0.039664,0.002708,0.005077
0.219168,Bot,0.287466,0.350745,0.039455,0.103166
0.277958,Bot,0.312615,0.091007,0.042603,0.275816
0.031852,Bot,0.047173,0.00656,0.026454,0.88796
0.22863,Bot,0.288317,0.116217,0.280187,0.086648
0.219059,Bot,0.227886,0.205449,0.079688,0.267917
0.410388,Bot,0.057153,0.318195,0.112389,0.101876
0.759004,Bot,0.087038,0.088545,0.043366,0.022047
0.157696,Bot,0.055851,0.044486,0.376051,0.365916
0.158245,Bot,0.055833,0.06104,0.464106,0.260776
0.222857,Bot,0.367391,0.195602,0.016991,0.197158
0.140309,Bot,0.194162,0.131099,0.353909,0.180521
0.250258,Bot,0.132899,0.052841,0.406382,0.157619
0.165889,Bot,0.033618,0.06607,0.636969,0.097455
0.154217,Bot,0.195347,0.170082,0.298054,0.182301
0.167333,Bot,0.220862,0.153864,0.286609,0.171332
0.069146,Bot,0.056743,0.034034,0.727092,0.112985
0.64017,Bot,0.063294,0.227589,0.011209,0.057738
0.154217,Bot,0.195347,0.170082,0.298054,0.182301
0.433146,Bot,0.260661,0.208869,0.058492,0.038832
0.358231,Bot,0.150235,0.175121,0.231042,0.085372
0.511753,Bot,0.060065,0.31325,0.063027,0.051905
0.211777,Bot,0.34706,0.258682,0.008266,0.174214
0.275614,Bot,0.205606,0.357988,0.119191,0.041601
0.254962,Bot,0.366757,0.214017,0.09359,0.070675
0.336531,Bot,0.234109,0.213767,0.065245,0.150349
0.271397,Bot,0.216148,0.239691,0.018728,0.254036
0.17433,Bot,0.34983,0.389045,0.047589,0.039206
0.111016,Bot,0.151501,0.099362,0.372321,0.2658
0.231154,Bot,0.05448,0.409672,0.11051,0.194185
0.456569,Bot,0.119015,0.178614,0.020739,0.225063
0.146602,Bot,0.228564,0.139654,0.287118,0.198062
0.261501,Bot,0.076327,0.257219,0.31299,0.091963
0.167861,Bot,0.600883,0.193288,0.014423,0.023545
0.123586,Bot,0.170839,0.647336,0.039295,0.018945
0.143917,Bot,0.27325,0.138218,0.266216,0.178399
0.030415,Bot,0.03773,0.927581,0.001667,0.002606
0.072802,Bot,0.111558,0.087616,0.444139,0.283886
0.510076,Bot,0.175531,0.08889,0.184241,0.041261
0.074645,Bot,0.043653,0.045734,0.636597,0.199369
0.192961,Bot,0.348616,0.132196,0.199256,0.126972
0.144817,Bot,0.616595,0.14908,0.060373,0.029136
0.153782,Bot,0.058419,0.041777,0.411706,0.334316
0.193959,Bot,0.534532,0.093123,0.057125,0.12126
0.534526,Bot,0.162041,0.186891,0.060446,0.056095
0.31976,Bot,0.173417,0.273698,0.019843,0.213282
0.140309,Bot,0.194162,0.131099,0.353909,0.180521
0.460367,Bot,0.122006,0.117609,0.135593,0.164425
0.39511,Bot,0.426442,0.081021,0.007846,0.089581
0.086416,Bot,0.264984,0.032842,0.109914,0.505844
0.196342,Bot,0.508035,0.134498,0.03669,0.124435
0.232527,Bot,0.041432,0.662928,0.032752,0.030361
0.027398,Bot,0.051303,0.916983,0.000842,0.003473
0.242766,Bot,0.227039,0.279212,0.026765,0.224218
0.097837,Bot,0.196908,0.122688,0.267354,0.315212
0.337348,Bot,0.464377,0.165036,0.001942,0.031297
0.155995,Bot,0.177267,0.116073,0.362454,0.188211
0.507199,Bot,0.13423,0.310585,0.023268,0.024718
0.187524,Bot,0.266507,0.197582,0.09422,0.254166
0.508984,Bot,0.127028,0.229317,0.052122,0.082548
0.125858,Bot,0.160486,0.133994,0.406243,0.173418
0.142715,Bot,0.196491,0.13027,0.32609,0.204434
0.031722,Bot,0.053867,0.011817,0.231343,0.67125
0.0153,Bot,0.010125,0.97124,0.001198,0.002137
0.307701,Bot,0.153556,0.408242,0.053122,0.077379
0.454592,Bot,0.058342,0.236645,0.18177,0.068651
0.300771,Bot,0.480627,0.070033,0.004479,0.14409
0.445354,Bot,0.158873,0.290986,0.032772,0.072015
0.202009,Bot,0.17312,0.206492,0.168256,0.250123
0.218683,Bot,0.1421,0.395447,0.137947,0.105824
0.149269,Bot,0.163435,0.12606,0.405535,0.155701
0.335044,Bot,0.218441,0.222836,0.083959,0.139719
0.375548,Bot,0.168336,0.281021,0.06804,0.107055
0.256368,Bot,0.14983,0.472886,0.031683,0.089232
0.392525,Bot,0.165826,0.150222,0.178431,0.112995
0.149269,Bot,0.163435,0.12606,0.405535,0.155701
0.215504,Bot,0.089545,0.089708,0.419407,0.185836
0.213852,Bot,0.261538,0.117354,0.048227,0.359029
0.376528,Bot,0.152467,0.24361,0.115234,0.112161
